0.153469
0.453878
1.214694
1.453061
4.137143
4.385306
5.146122
5.381224
8.045714
8.316735
9.061224
9.335510
10.060408
10.298776
10.788571
11.262041
12.048980
12.306939
12.555102
12.790204
13.041633
13.283265
13.515102
13.756735
13.998367
14.236735
14.478367
14.723265
14.961633
15.203265
15.435102
15.676735
15.941224
16.169796
16.404898
16.640000
17.106939
17.325714
17.573878
17.812245
18.047347
18.302041
18.524082
18.755918
18.997551
19.242449
19.474286
19.706122
19.954286
20.199184
20.408163
20.653061
20.897959
21.155918
21.374694
21.570612
21.822041
22.034286
22.279184
22.520816
22.765714
23.017143
23.262041
24.003265
24.277551
24.538776
24.786939
25.988571
26.253061
26.501224
26.778776
27.951020
28.231837
28.976327
29.224490
30.001633
30.266122
31.000816
31.203265
31.490612
31.771429
32.515918
32.764082
33.025306
33.296327
34.021224
34.253061
34.403265
34.526984
34.626032
34.798730
34.996825
35.225397
35.502222
35.784127
36.551111
36.815238
37.064127
37.310476
37.556825
37.859048
38.580317
38.918095
42.092698
42.346667
43.070476
43.349841
44.081270
44.373333
45.099683
45.358730
46.102857
46.364444
46.590476
46.999365
