0.224943
0.478912
1.175510
1.443991
4.121542
4.368254
5.101134
5.384127
8.039909
8.308390
9.063039
9.375057
10.049887
10.332880
10.804535
11.326984
12.016327
12.328345
12.560544
12.792744
13.032200
13.249887
13.496599
13.728798
13.997279
14.214966
14.476190
14.679365
14.955102
15.201814
15.426757
15.695238
15.912925
16.116100
16.399093
16.624036
16.827211
17.110204
17.356916
17.574603
17.814059
18.046259
18.300227
18.546939
18.757370
18.967800
19.236281
19.468481
19.693424
19.918367
20.186848
20.419048
20.636735
20.897959
21.115646
21.369615
21.594558
21.826757
22.073469
22.283900
22.530612
22.748299
23.053061
23.285261
23.989116
24.257596
24.540590
24.758277
25.970068
26.224036
26.499773
26.717460
27.921995
28.292063
28.930612
29.213605
29.946485
30.207710
30.984127
31.201814
33.480272
33.777778
34.539683
34.757370
35.054875
35.250794
38.037188
38.312925
39.045805
39.350567
40.054422
40.322902
40.555102
40.838095
41.810431
42.790023
43.813152
44.850794
45.852154
46.904308
