0.171429
0.449524
0.725079
0.965079
1.178413
1.453968
1.747302
1.959365
2.205714
2.464762
2.707302
2.989206
3.177143
3.424762
3.666032
3.894603
4.146032
4.422857
4.674286
4.897778
5.121270
5.390476
5.603810
5.916190
6.146032
6.397460
6.650159
6.899048
7.122540
7.339683
7.582222
7.836190
8.090159
8.304762
8.643810
8.858413
9.066667
9.306667
9.561905
9.794286
10.040635
10.300952
10.556190
10.788571
10.966349
11.085714
11.174603
11.288889
11.530159
11.805714
12.068571
12.312381
12.558730
12.793651
13.048889
13.290159
13.522540
13.770159
13.994921
14.240000
14.478730
14.739048
14.970159
15.202540
15.441270
15.672381
15.920000
16.160000
16.410159
16.655238
16.877460
17.135238
17.351111
17.592381
17.820952
18.072381
18.299683
18.534603
18.751746
18.993016
19.246984
19.489524
19.728254
19.944127
20.181587
20.416508
20.665397
20.886349
21.126349
21.367619
21.605079
21.829841
22.064762
22.292063
22.443175
22.568889
22.661587
22.794921
23.008254
23.254603
23.493333
23.740952
24.485079
24.747937
25.020952
25.263492
25.499683
25.733333
26.452063
26.711111
26.962540
27.208889
27.448889
27.714286
28.260317
28.463492
28.731429
29.206349
29.481905
29.726984
30.245079
30.471111
30.739048
31.241905
32.000000
32.286984
32.529524
32.777143
32.998095
33.273651
36.052063
36.323810
36.455873
36.579048
36.690794
36.806349
37.076825
37.245714
37.569524
37.808254
38.066032
38.303492
38.549841
38.816508
39.099683
39.320635
39.560635
39.826032
40.566349
40.831746
41.064127
41.310476
41.560635
41.819683
42.581587
42.819048
43.360000
43.629206
43.864127
44.595556
44.883810
45.356190
45.617778
45.881905
46.643810
46.963810
48.560000
