0.188662
0.426667
1.169705
1.451247
2.197188
2.470023
2.696417
2.946032
3.143401
3.401723
3.657143
3.903855
4.133152
4.371156
5.120000
5.378322
6.138776
6.400000
6.623492
6.867302
7.096599
7.337506
7.592925
7.813515
8.013787
8.330159
9.070295
9.340227
10.062948
10.309660
10.785669
11.281995
12.027937
12.289161
12.544580
12.782585
13.040907
13.278912
13.516916
13.749116
13.998730
14.242540
14.480544
14.715646
14.942041
15.185850
15.435465
15.670567
15.914376
16.152381
16.401995
16.625488
16.872200
17.110204
17.359819
17.580408
17.812608
18.047710
18.262494
18.523719
18.764626
18.993923
19.223220
19.458322
19.710839
19.943039
20.181043
20.430658
20.668662
20.874739
21.118549
21.333333
21.577143
21.815147
22.064762
22.288254
22.543673
22.781678
23.013878
23.257687
23.478277
23.768526
24.502857
24.755374
24.973061
25.222676
25.472290
25.739320
26.447528
26.729070
26.972880
27.207982
27.445986
27.715918
28.220952
28.482177
28.743401
29.228118
29.486440
29.756372
30.267211
30.499410
30.763537
31.245351
32.499229
32.769161
33.050703
33.291610
33.999819
34.281361
34.417778
34.522268
34.644172
34.774785
35.009887
35.256599
36.022857
36.298594
36.443719
36.545306
36.638186
36.803628
37.047438
37.288345
37.552472
37.816599
38.063311
38.321633
38.579955
38.806349
39.047256
39.331701
40.077642
40.338866
40.588481
40.840998
41.087710
41.337324
42.074558
42.350295
43.104943
43.360363
44.088889
44.376236
45.098957
45.380499
46.140952
46.407982
46.666304
46.953651
