0.186122
0.457143
1.237551
1.420408
4.081633
4.329796
5.054694
5.309388
7.928163
8.176327
8.881633
9.136327
9.861224
10.102857
10.569796
11.030204
11.777959
12.042449
12.300408
12.512653
12.764082
13.022041
13.250612
13.485714
13.720816
13.955918
14.181224
14.419592
14.657959
14.863673
15.098776
15.317551
15.562449
15.794286
16.019592
16.26449
16.48
16.705306
16.943673
17.162449
17.39102
17.616327
17.848163
18.093061
18.298776
18.540408
18.755918
19.004082
19.222857
19.467755
19.699592
19.937959
20.156735
20.398367
20.620408
20.85551
21.087347
21.322449
21.54449
21.795918
22.001633
22.249796
22.517551
22.739592
23.500408
23.725714
23.967347
24.212245
25.387755
25.635918
25.887347
26.142041
27.301224
27.555918
28.280816
28.545306
29.293061
29.502041
30.302041
30.566531
30.840816
31.08898
31.810612
32.068571
32.316735
32.52898
33.286531
33.534694
33.697959
33.874286
34.044082
34.272653
34.494694
34.759184
35.049796
35.794286
36.042449
36.287347
36.506122
36.757551
37.048163
37.750204
38.034286
41.142857
41.381224
42.13551
42.403265
43.137959
43.376327
44.117551
44.37551
45.103673
45.345306
45.580408
45.926531
