0.159637
0.428118
1.186395
1.447619
4.056236
4.353741
5.046712
5.311565
7.905669
8.170522
8.888889
9.110204
9.843084
10.093424
10.579592
11.080272
11.856689
12.099773
12.292063
12.531519
12.770975
12.995918
13.246259
13.463946
13.699773
13.935601
14.193197
14.418141
14.646712
14.871655
15.111111
15.336054
15.579138
15.804082
16.039909
16.253968
16.453515
16.707483
16.954195
17.150113
17.411338
17.610884
17.839456
18.093424
18.314739
18.528798
18.786395
19.018594
19.261678
19.490249
19.704308
19.93288
20.168707
20.411791
20.643991
20.879819
21.090249
21.322449
21.569161
21.779592
22.022676
22.2839
22.47619
22.730159
23.463039
23.69161
23.974603
24.228571
25.375057
25.632653
25.868481
26.089796
27.265306
27.664399
28.266667
28.527891
29.231746
29.569161
30.309297
30.59229
32.765533
33.048526
33.748753
33.999093
34.292971
34.514286
37.28254
37.53288
38.229478
38.519728
39.187302
39.434014
39.651701
39.938322
40.896145
41.90839
42.906122
43.863946
44.861678
45.852154
