0.228571
0.460952
0.733968
0.984127
1.217778
1.465397
1.723175
1.947937
2.175238
2.431746
2.694603
2.935873
3.131429
3.385397
3.60127
3.860317
4.08381
4.31746
4.581587
4.824127
5.03619
5.305397
5.565714
5.800635
6.034286
6.279365
6.514286
6.742857
6.986848
7.192744
7.458503
7.671655
7.955556
8.190476
8.388209
8.639456
8.861678
9.131066
9.372336
9.56644
9.849433
10.083447
10.342857
10.562358
10.741043
10.861678
10.932426
11.044898
11.34059
11.571882
11.830385
12.057143
12.282086
12.553288
12.791837
13.015873
13.256236
13.485714
13.718821
13.948299
14.179592
14.432653
14.653968
14.87619
15.105669
15.337868
15.579138
15.805896
16.026304
16.256689
16.494331
16.738322
16.965986
17.182766
17.396825
17.629932
17.852154
18.081633
18.312925
18.544218
18.771882
19.02585
19.259864
19.486621
19.717914
19.943764
20.180499
20.393651
20.634921
20.868934
21.085714
21.326984
21.551927
21.788662
21.933787
22.053515
22.139683
22.257596
22.456236
22.728345
22.979592
23.244444
23.943764
24.182313
24.429932
24.67483
24.933333
25.135601
25.829478
26.10068
26.333787
26.60771
26.868027
27.095692
27.56644
27.813152
28.055329
28.546939
28.807256
29.047619
29.542857
29.812245
30.086168
30.58322
31.320635
31.572789
31.834014
32.064399
32.319274
32.559637
35.285261
35.55737
35.687075
35.802268
35.92381
36.034467
36.244898
36.492517
36.752834
36.998639
37.258957
37.473923
37.72517
37.994558
38.237642
38.445351
38.69932
38.964172
39.699773
39.954649
40.198639
40.435374
40.661224
40.932426
41.733333
41.950113
42.419955
42.682993
42.927891
43.64898
43.929252
44.361905
44.624943
44.898866
45.634467
45.914739
47.385034
