0.16254
0.416508
1.188571
1.445442
2.179773
2.429388
2.66449
2.925714
3.139048
3.375601
3.622313
3.853061
4.085261
4.327619
5.018413
5.275283
6.054603
6.2839
6.495782
6.765714
6.984853
7.198186
7.427483
7.693061
7.916553
8.167619
8.874376
9.123991
9.842358
10.094875
10.552018
11.026576
11.784127
12.039546
12.280454
12.530068
12.760816
13.000272
13.223764
13.466122
13.705578
13.934875
14.171429
14.378957
14.606803
14.846259
15.081361
15.32517
15.541406
15.764898
16.008707
16.238005
16.478912
16.711111
16.936054
17.1639
17.387392
17.612336
17.843084
18.089796
18.319093
18.555646
18.790748
19.012789
19.242086
19.480091
19.718095
19.935782
20.170884
20.394376
20.636735
20.871837
21.088073
21.324626
21.548118
21.780317
22.028481
22.267937
22.479819
22.732336
22.968889
23.244626
23.974603
24.208254
24.449161
24.677007
24.907755
25.174785
25.896054
26.106485
26.327075
26.562177
26.81034
27.096236
27.573696
27.818957
28.083084
28.586667
28.814512
29.075737
29.598186
29.810068
30.109025
30.556009
31.796825
32.060952
32.307664
32.548571
33.295964
33.521633
33.64898
33.762177
33.889524
34.015782
34.333605
34.500136
35.26966
35.521088
35.656054
35.76381
35.884626
36.023946
36.294966
36.51483
36.766259
37.014422
37.269116
37.486803
37.754558
37.990748
38.241088
38.47619
39.222857
39.467755
39.711565
39.953197
40.217687
40.43102
41.150476
41.438912
42.144218
42.432653
43.112925
43.434014
44.150204
44.37551
45.115646
45.381224
45.674014
46.00381
