0.16
0.55
1.6
1.94
5.23
5.57
6.31
6.57
9.21
9.43
10.14
10.36
11.04
11.25
11.71
12.17
12.76
13.01
13.212154
13.42
13.66
13.85
14.06
14.25
14.46
14.66
14.86
15.04
15.24
15.38
15.64
15.82
16.03
16.23
16.42
16.56
16.78
16.97
17.16
17.33
17.49
17.7
17.89
18.09
18.27
18.45
18.63
18.81
19.0
19.18
19.37
19.53
19.72
19.89
20.08
20.21
20.43
20.61932
20.8
20.97
21.17
21.35
21.53
21.7
22.28
22.46
22.639456
22.87
23.78
23.95
24.125533
24.36
25.32
25.51873
26.11
26.308209
26.93
27.155737
27.8
27.968435
28.22
28.42
29.117823
29.37
29.605442
29.81
30.57
30.8
30.923175
31.05
31.17
31.29
31.507302
31.75
32.01
32.29
33.030385
33.3
33.538322
33.83
34.08
34.459864
35.13
35.381406
39.48
39.8
40.81
41.18
42.18
42.55
43.57
43.98
45.1
45.52
46.03
46.72
