0.17
0.53
1.58
1.91
5.26
5.52
6.31
6.58
9.19
9.44
10.11
10.35
11.02
11.26
11.69
12.06
12.8
13.03
13.23
13.45
13.63
13.87
14.07
14.27
14.42
14.63
14.87
15.06
15.27
15.46
15.64
15.86
16.03
16.21
16.4
16.58
16.73
16.97
17.16
17.33
17.53
17.67
17.91
18.09
18.27
18.45
18.61
18.83
19.01
19.18
19.37
19.55
19.69
19.9
20.07
20.24
20.38
20.57
20.77
20.95
21.15
21.35
21.53
21.71
22.28
22.45
22.64
22.78
23.75
23.94
24.113923
24.28
25.28
25.57678
26.12
26.319819
26.95
27.167347
27.75
27.980045
30.06
30.32
31.021859
31.29
31.509478
31.76
34.59
34.85
35.63
35.87483
36.89
37.19
37.477007
37.86
39.15
40.51
41.84
43.26
44.69
46.66
