0.18
0.57
0.95
1.26
1.59
1.93
2.275556
2.58
2.925714
3.3
3.599093
3.91
4.16
4.49
4.76
5.07
5.29
5.55
5.804989
6.08
6.3
6.51
6.86
7.04
7.31
7.56
7.82
8.05
8.26
8.5
8.730703
8.97
9.22
9.42
9.705941
9.92
10.1
10.39
10.588299
10.82
11.04
11.27
11.49
11.7
11.798639
11.900227
12.03
12.14
12.35
12.54
12.81
13.02
13.26
13.44
13.64
13.86
14.08
14.28
14.49
14.68
14.86
15.08
15.27
15.46
15.65
15.83
16.04
16.22
16.41
16.58
16.8
16.944762
17.18
17.35
17.54
17.73
17.87
18.1
18.24
18.45
18.63
18.8
19.01
19.19
19.37
19.55
19.69
19.9
20.09
20.27
20.45
20.63
20.78
20.944399
21.08
21.164989
21.269478
21.35
21.52
21.72
21.88
22.1
22.639456
22.84
23.03
23.21
23.39
23.61
24.148753
24.34
24.52
24.71
24.88
25.1
25.55356
25.7
25.85
26.29
26.47
26.71
27.144127
27.32
27.55
27.980045
28.69
28.87
29.16
29.39
29.62
29.85
32.55
32.77
32.94
33.051429
33.182041
33.3
33.56
33.78
34.07
34.34
34.62
34.88
35.1
35.39
35.64263
35.94
36.23
36.58
37.45
37.75
38.092336
38.45
38.75
39.15
40.147302
40.51
41.18059
41.49
41.82
42.87
43.23
43.966984
44.31
44.71
46.0
46.64
48.61
