0.18
0.56
1.61
1.93
2.92
3.27
3.506213
3.89
4.202812
4.47
4.73
5.0
5.31
5.56
6.32
6.55
7.32
7.546485
7.79
8.057324
8.28
8.55
8.75
8.97
9.23
9.45
10.14
10.35
11.03
11.24
11.68
12.14
12.8
13.03
13.25
13.45
13.65
13.85
14.08
14.27
14.47
14.65
14.85
15.06
15.25
15.44
15.64
15.84
16.03
16.18
16.41
16.6
16.78
16.97
17.17
17.35
17.52
17.71
17.91
18.09
18.28
18.47
18.64
18.8
19.01
19.18
19.37
19.56
19.72
19.92
20.1
20.27
20.45
20.63
20.8
20.99
21.16
21.34
21.55
21.71
21.91
22.1
22.639456
22.84
22.987755
23.2
23.39
23.59
24.125533
24.31
24.497052
24.71
24.9
25.12
25.49
25.69
25.9
26.3
26.52
26.74
27.167347
27.33
27.56
27.980045
29.14
29.38
29.628662
29.87
30.54
30.78
30.91
31.02
31.137959
31.27
31.56
31.81
32.56
32.81
32.97
33.08
33.188571
33.35
33.61
33.83
34.1
34.35
34.64
34.84
35.14
35.39
35.67
35.92
36.84
37.15
37.43
37.74
38.086531
38.4
39.47
39.82
40.82
41.16
42.19
42.57
43.56
43.92
45.12
45.54
45.99
46.654694
