0.243810
0.568889
1.544127
1.747302
5.120000
5.404444
6.115556
6.359365
9.000635
9.264762
10.097778
10.341587
10.991746
11.276190
11.621587
12.109206
12.860952
13.104762
13.348571
13.531429
13.754921
13.978413
14.222222
14.486349
14.689524
14.852063
15.095873
15.278730
15.522540
15.705397
15.949206
16.193016
16.416508
16.579048
16.822857
17.026032
17.223401
17.423673
17.632653
17.850340
18.024490
18.233469
18.459864
18.616599
18.816871
18.999728
19.173878
19.365442
19.565714
19.748571
19.931429
20.114286
20.279728
20.480000
20.645442
20.819592
21.019864
21.167891
21.376871
21.559728
21.725170
21.916735
22.099592
22.291156
22.831020
23.005170
23.170612
23.388299
24.320000
24.555102
24.764082
24.999184
25.896054
26.139864
26.662313
26.906122
27.454694
27.724626
28.264490
28.525714
28.786939
29.022041
29.622857
29.814422
30.101769
30.302041
30.946395
31.146667
31.364354
31.434014
31.521088
31.669116
31.851973
32.226395
32.383129
32.635646
33.349660
33.610884
33.933061
34.168163
34.411973
34.638367
35.387211
35.735510
36.005442
39.375238
39.601633
40.376599
40.733605
41.595646
41.874286
42.710204
42.997551
43.911837
44.251429
44.686803
45.339864
