0.188662
0.580499
1.422222
1.756009
4.992290
5.282540
6.080726
6.356463
9.026757
9.302494
9.984580
10.289342
10.927891
11.174603
11.639002
12.146939
12.858050
13.119274
13.336961
13.540136
13.743311
14.019048
14.236735
14.483447
14.715646
14.918821
15.136508
15.368707
15.571882
15.775057
15.978231
16.224943
16.515193
16.834467
17.037642
17.269841
17.473016
17.690703
17.879365
18.068027
18.271202
18.459864
18.634014
18.866213
19.040363
19.229025
19.403175
19.606349
19.809524
19.998186
20.186848
20.346485
20.520635
20.723810
20.897959
21.033651
21.191111
21.373968
21.551746
21.719365
21.922540
22.100317
22.313651
22.882540
23.060317
23.258413
23.492063
24.345397
24.523175
24.731429
24.980317
25.899683
26.092698
26.656508
26.869841
27.479365
27.723175
28.246349
28.510476
30.481270
30.714921
31.385397
31.619048
31.888254
32.126984
34.859683
35.123810
35.936508
36.226032
37.028571
37.307937
37.582222
37.892063
38.999365
40.126984
41.239365
42.361905
43.586032
45.241905
