0.187211
0.500680
0.896871
1.162449
1.480272
1.776327
2.107211
2.377143
2.721088
3.043265
3.387211
3.635374
3.909660
4.192653
4.493061
4.758639
5.041633
5.307211
5.564082
5.829660
6.090884
6.347755
6.604626
6.848435
7.109660
7.379592
7.649524
7.875918
8.106667
8.398367
8.650884
8.885986
9.108027
9.369252
9.626122
9.822041
10.031020
10.305306
10.509932
10.749388
10.980136
11.215238
11.459048
11.672381
11.750748
11.829116
11.920544
12.129524
12.390748
12.638912
12.891429
13.126531
13.365986
13.596735
13.814422
14.045170
14.262857
14.467483
14.715646
14.972517
15.177143
15.351293
15.582041
15.817143
16.004354
16.226395
16.417959
16.622585
16.809796
16.997007
17.245170
17.462857
17.654422
17.832925
18.028844
18.229116
18.429388
18.620952
18.790748
18.991020
19.182585
19.348027
19.530884
19.731156
19.927075
20.101224
20.284082
20.484354
20.658503
20.828299
21.006803
21.172245
21.363810
21.537959
21.659864
21.712109
21.768707
21.934150
22.121361
22.278095
22.443537
22.700408
23.214150
23.423129
23.588571
23.784490
23.958639
24.185034
24.703129
24.881633
25.094966
25.295238
25.482449
25.704490
26.118095
26.327075
26.492517
26.871293
27.106395
27.293605
27.646259
27.946667
28.173061
28.547483
29.196190
29.431293
29.683810
29.849252
30.040816
30.284626
32.875102
33.105850
33.175510
33.280000
33.375782
33.593469
33.819864
34.098503
34.364082
34.629660
34.873469
35.139048
35.395918
35.652789
35.931429
36.140408
36.449524
36.771701
37.677279
37.851429
38.169252
38.460952
38.713469
39.022585
39.836735
40.124082
40.703129
41.025306
41.343129
42.118095
42.414150
43.001905
43.328435
43.654966
44.643265
45.183129
47.164082
