0.169796
0.528980
1.410612
1.763265
2.677551
2.997551
3.350204
3.650612
3.885714
4.225306
4.519184
4.786939
5.061224
5.322449
6.060408
6.354286
7.072653
7.353469
7.647347
7.869388
8.111020
8.339592
8.574694
8.822857
9.044898
9.286531
10.037551
10.246531
10.945306
11.173878
11.611429
12.094694
12.845714
13.067755
13.309388
13.544490
13.786122
13.982041
14.210612
14.432653
14.615510
14.863673
15.072653
15.275102
15.516735
15.732245
15.954286
16.176327
16.378776
16.600816
16.796735
17.012245
17.201633
17.417143
17.619592
17.841633
18.024490
18.220408
18.390204
18.592653
18.788571
18.991020
19.173878
19.369796
19.539592
19.735510
19.918367
20.094694
20.284082
20.460408
20.636735
20.839184
20.989388
21.185306
21.361633
21.531429
21.733878
21.897143
22.080000
22.249796
22.439184
22.602449
23.157551
23.366531
23.608163
23.784490
23.960816
24.182857
24.770612
24.914286
25.090612
25.266939
25.475918
25.684898
26.076735
26.266122
26.468571
26.775510
27.069388
27.291429
27.689796
27.872653
28.114286
28.519184
29.583673
29.812245
30.073469
30.275918
30.889796
31.144490
31.301224
31.412245
31.523265
31.601633
31.856327
32.104490
32.862041
33.123265
33.273469
33.436735
33.619592
33.867755
34.115918
34.383673
34.612245
34.906122
35.147755
35.395918
35.650612
35.918367
36.199184
37.028571
37.309388
37.570612
37.864490
38.125714
38.413061
39.248980
39.549388
40.359184
40.764082
41.521633
41.848163
42.586122
42.925714
43.885714
44.290612
44.688980
45.302857
