0.101224
0.584490
1.898776
2.359184
6.894694
7.281633
8.210612
8.501224
11.560816
11.893878
12.767347
13.004082
13.815510
14.066939
14.685714
15.185306
16.063673
16.331429
16.609524
16.878730
17.125079
17.373968
17.610159
17.846349
18.062222
18.323810
18.537143
18.735238
18.971429
19.187302
19.415873
19.619048
19.840000
20.058413
20.264127
20.462222
20.673016
20.876190
21.076825
21.254603
21.460317
21.666032
21.846349
22.039365
22.265397
22.448254
22.664127
22.836825
23.045079
23.210159
23.418413
23.586032
23.791746
23.987302
24.175238
24.345397
24.530794
24.718730
24.916825
25.069206
25.269841
25.460317
25.660952
25.813333
26.430476
26.608254
26.834286
27.017143
27.956825
28.124444
28.350476
28.538413
29.495873
29.671111
30.262857
30.463492
31.085714
31.326984
31.964444
32.154921
32.314921
32.553651
33.292698
33.511111
33.721905
33.963175
34.714921
35.006984
35.129252
35.303401
35.414422
35.533061
35.702857
35.959728
36.300408
36.567075
37.446531
37.754558
38.022676
38.279546
38.565442
38.803447
39.713379
40.052971
44.054059
44.348662
45.274558
45.564807
46.534240
46.859320
47.798277
48.165442
49.086984
49.445442
49.931610
50.545488
