0.091429
0.613878
1.893878
2.344490
6.870204
7.294694
8.208980
8.457143
11.578776
11.833469
12.734694
13.022041
13.805714
14.112653
14.648163
15.235918
16.065306
16.320000
16.620408
16.894694
17.116735
17.332245
17.580408
17.828571
18.037551
18.272653
18.553469
18.762449
19.004082
19.226122
19.415510
19.801905
20.107755
20.309116
20.481088
20.642177
20.901224
21.077551
21.264762
21.487891
21.671837
21.852517
22.058231
22.255238
22.422857
22.624218
22.831020
23.029116
23.220680
23.416599
23.590748
23.791020
23.912925
24.145850
24.352653
24.546395
24.737959
24.907755
25.110204
25.277823
25.456327
25.643537
25.859048
26.448980
26.627483
26.862585
27.019320
27.914014
28.125170
28.242721
28.510476
29.463946
29.655510
30.275918
30.474014
31.094422
31.331701
31.923810
32.245986
34.189932
34.466395
35.232653
35.478639
35.894422
39.131429
39.455782
40.269932
40.581224
41.504218
41.811156
42.142041
42.477279
43.713741
44.965442
46.188844
47.477551
48.735782
50.466395
