0.162540
0.621134
1.062313
1.462857
1.880816
2.336508
2.841542
3.213061
3.622313
4.054785
4.495964
4.954558
5.308662
5.715011
6.135873
6.510295
6.855692
7.250431
7.601633
7.886077
8.135692
8.440454
8.811973
9.064490
9.337324
9.688526
9.941043
10.228390
10.486712
10.811791
11.026576
11.331338
11.601270
11.874104
12.196281
12.473469
12.723084
13.030748
13.300680
13.598186
13.826032
14.090159
14.400726
14.635828
14.812880
14.975420
15.063946
15.172789
15.503673
15.754739
16.053696
16.332336
16.583401
16.827211
17.086984
17.346757
17.564444
17.821315
18.056417
18.250884
18.503401
18.738503
18.977959
19.189841
19.406077
19.583129
19.818231
20.030113
20.246349
20.452426
20.658503
20.884898
21.077914
21.244807
21.462494
21.674376
21.863039
22.056054
22.263583
22.463855
22.661224
22.841179
23.044354
23.251882
23.431837
23.620499
23.803356
24.012336
24.173424
24.386757
24.558005
24.752472
24.926621
25.122540
25.222676
25.338776
25.414240
25.486803
25.685624
25.875737
26.031020
26.280635
26.903220
27.019320
27.190567
27.409705
27.562086
27.782676
28.316735
28.515556
28.710023
28.887075
29.084444
29.306485
29.757823
29.939229
30.136599
30.499410
30.693878
30.918821
31.348390
31.516735
31.763447
32.194467
32.837370
33.063764
33.319184
33.491882
33.738594
34.007075
36.909569
37.169342
37.317370
37.474104
37.591655
37.716463
38.024127
38.279546
38.575601
38.865850
39.153197
39.415873
39.710476
39.996372
40.376599
40.594286
40.877279
41.224127
42.136961
42.462041
42.771156
43.086077
43.363265
43.723175
44.707120
44.933515
45.590930
45.862313
46.246893
47.153923
47.439819
48.098685
48.397642
48.700952
49.911293
50.468571
52.436463
