0.112472
0.595011
1.893878
2.354649
3.620862
4.041723
4.556916
4.916100
5.340590
5.717914
6.164172
6.501587
6.911565
7.223583
8.148753
8.468027
9.371429
9.650794
9.922902
10.220408
10.481633
10.750113
11.018594
11.334240
11.599093
11.885714
12.738322
13.014059
13.765079
14.102494
14.621315
15.201814
16.029025
16.326531
16.609524
16.845351
17.102948
17.338776
17.596372
17.824943
18.071655
18.292971
18.532426
18.750113
18.964172
19.160091
19.403175
19.620862
19.856689
20.041723
20.263039
20.462585
20.680272
20.861678
21.061224
21.275283
21.474830
21.652608
21.863039
22.051701
22.258503
22.429025
22.635828
22.846259
23.053061
23.252608
23.448526
23.640816
23.818594
24.007256
24.192290
24.373696
24.544218
24.740136
24.910658
25.092063
25.302494
25.491156
25.687075
25.861224
26.046259
26.253061
26.826304
27.000454
27.214512
27.377778
27.570068
27.776871
28.353741
28.491610
28.734694
28.916100
29.086621
29.311565
29.718639
29.923265
30.093061
30.513197
30.950748
31.353469
31.518912
31.754014
32.117551
33.297415
33.600000
33.804626
34.022313
34.718912
34.949660
35.102041
35.198186
35.364172
35.447619
35.722449
36.005442
36.839002
37.149206
37.299773
37.425850
37.560998
37.710658
37.991837
38.280272
38.567800
38.856236
39.197279
39.423129
39.727891
39.998186
40.281179
40.585941
41.516553
41.846712
42.153288
42.465306
42.811791
43.123810
44.048980
44.359184
45.242630
45.580045
46.521542
46.866213
47.804082
48.125170
49.106576
49.494785
49.913832
50.501587
