3.184762
3.774694
3.957551
4.333061
4.731429
5.903673
6.070204
6.246531
6.462041
6.638367
6.811429
7.046531
7.425306
8.124082
8.470204
8.852245
9.528163
9.929796
10.308571
10.67102
11.020408
11.376327
12.052245
12.597551
12.705306
13.057959
13.381224
14.34449
14.478367
14.654694
14.821224
14.977959
15.134694
15.268571
15.585306
15.722449
15.869388
16.022857
16.16
16.290612
16.437551
16.728163
16.862041
16.989388
17.16898
17.28
17.394286
17.554286
17.694694
17.822041
18.282449
18.520816
18.637642
18.737415
19.210884
19.448526
19.68254
19.891156
20.12517
20.35737
22.624943
22.956916
23.058503
23.3161
23.553741
24.255782
24.364626
24.464399
24.560544
24.700227
24.780045
24.914286
25.124717
25.569161
25.779592
26.028118
26.419955
26.637642
26.873469
27.07483
27.312472
27.479365
27.907483
28.257596
28.337415
28.584127
28.796372
29.427664
29.543764
29.638095
29.788662
29.882993
29.982766
30.078912
30.318367
30.412698
30.532426
30.63746
30.735238
30.845714
30.949841
31.084444
31.174603
31.271111
31.375238
31.493333
31.60381
31.687619
31.787937
31.904762
32.421587
32.612063
32.714921
32.808889
33.234286
33.475556
33.702857
33.884444
34.105397
34.326349
35.6
35.956825
36.092698
36.363175
36.615873
37.27619
37.417143
37.554286
37.732063
37.83619
37.959365
38.759365
38.990476
39.273651
39.818413
41.194921
41.507302
42.64381
43.253333
43.75619
43.912381
44.24254
44.553651
45.473016
45.617778
45.773968
45.925079
46.105397
46.24127
46.413968
46.731429
47.056508
47.347302
47.705397
48.618413
48.965079
49.306667
49.970794
50.326349
50.726349
51.456508
51.881905
52.351746
52.732698
53.2
53.992381
