0.182857
0.741587
0.899048
1.320635
1.716825
2.844444
3.032381
3.217778
3.398095
3.606349
3.794286
4.025397
4.939683
5.155556
5.346032
5.533968
6.313651
6.996825
7.794286
8.469841
9.224127
9.927619
10.339048
10.689524
11.014603
11.370159
13.368889
13.914921
14.029206
14.686984
15.60381
15.75873
15.888254
16.040635
16.172698
16.302222
16.429206
16.761905
16.886349
17.005714
17.163175
17.28254
17.400635
17.52381
18.054603
18.524444
18.788571
19.008254
19.253333
19.459048
20.788571
21.163175
21.263492
21.508571
21.742222
22.4
22.518095
22.603175
22.751746
22.864762
22.96381
23.067937
23.704127
23.856508
23.935238
24.020317
24.432653
24.896145
25.363265
25.775057
26.228571
26.65941
26.877098
27.089342
27.283447
27.50839
28.758277
29.093878
29.197279
29.42585
29.638095
30.302041
30.414512
30.514286
30.615873
30.731973
30.831746
30.931519
31.170975
31.281633
31.366893
31.501134
31.586395
31.69161
31.782313
32.221315
32.622222
32.818141
33.0322
33.240816
33.445805
34.721088
35.049433
35.178231
35.414059
35.628118
36.321088
36.429932
36.515193
36.647619
36.785488
36.881633
36.999546
37.514739
37.912018
38.204082
38.668481
40.085261
40.38458
40.939683
41.786848
41.913832
42.066213
42.233107
42.380045
42.53424
42.688435
42.90068
43.047619
43.19093
43.345125
43.493878
43.64263
43.751474
43.894785
44.5678
45.068481
45.18458
45.516553
45.814059
46.748299
46.897052
47.034921
47.189116
47.357823
47.510204
47.686168
48.016327
48.337415
48.645805
48.970522
49.672562
51.089342
51.909297
