0.150204
0.74449
0.875102
0.992653
1.097143
1.188571
1.325714
1.665306
1.795918
1.92
2.011429
2.13551
2.266122
2.631837
2.77551
2.866939
2.971429
3.069388
3.173878
3.284898
3.422041
3.526531
3.63102
3.761633
3.872653
3.977143
4.094694
4.212245
4.323265
4.460408
4.558367
4.675918
4.780408
4.90449
5.022041
5.133061
5.237551
5.322449
5.44
5.564082
5.681633
5.779592
5.897143
5.995102
6.119184
6.230204
6.341224
6.452245
6.576327
6.687347
6.778776
6.922449
7.013878
7.124898
7.24898
7.373061
7.497143
7.608163
7.712653
7.823673
7.934694
8.026122
8.163265
8.280816
8.391837
8.496327
8.607347
8.692245
8.816327
8.914286
9.025306
9.142857
9.260408
9.77415
10.267574
10.768254
11.218141
11.697052
12.175964
12.647619
13.126531
13.612698
14.011791
14.461678
14.933333
15.412245
15.847619
16.275737
16.783673
17.211791
17.668934
18.104308
18.532426
26.296599
26.77551
27.196372
27.68254
28.175964
28.62585
29.126531
29.547392
29.736054
29.837642
29.931973
30.048073
30.171429
30.302041
30.396372
30.526984
30.657596
30.788209
30.889796
30.984127
31.092971
31.223583
31.317914
31.44127
31.55737
31.644444
31.760544
31.898413
32.0
32.1161
32.2322
32.341043
32.457143
32.565986
32.667574
32.761905
32.885261
33.008617
33.11746
33.226304
33.342404
33.458503
33.581859
33.683447
33.79229
33.915646
34.031746
34.147846
34.271202
34.387302
34.481633
34.590476
34.69932
34.81542
34.917007
35.040363
35.185488
35.301587
35.417687
35.533787
35.649887
35.765986
35.889342
36.005442
36.121542
36.237642
36.346485
36.440816
36.564172
36.658503
36.774603
36.883447
37.006803
37.101134
37.209977
37.34059
37.463946
37.572789
37.696145
37.790476
37.921088
38.029932
38.138776
38.247619
38.356463
38.472562
38.566893
38.668481
39.161905
39.640816
40.07619
40.489796
40.997732
41.106576
41.21542
41.324263
41.447619
41.563719
41.65805
41.781406
41.875737
41.999093
42.115193
42.21678
42.347392
42.790023
43.261678
43.733333
44.226757
44.350113
44.495238
44.604082
44.74195
44.85805
44.959637
45.068481
45.162812
45.293424
45.387755
45.489342
45.619955
45.736054
45.830385
45.931973
46.055329
46.537143
47.007347
47.46449
47.928163
48.084898
48.195918
48.306939
48.42449
48.542041
48.646531
48.777143
48.862041
48.986122
49.097143
49.221224
49.332245
49.410612
49.528163
49.743673
50.213878
50.318367
50.44898
50.566531
50.67102
51.115102
51.239184
51.356735
51.454694
51.598367
51.72898
51.820408
51.94449
52.075102
52.199184
52.303673
52.408163
52.506122
52.643265
52.754286
52.865306
52.976327
53.093878
53.191837
53.283265
53.707755
54.145306
54.60898
55.053061
55.477551
55.960816
56.391837
56.809796
57.077551
