0.121905
9.290884
9.787211
10.283537
10.727619
11.180408
11.62449
12.051156
12.62585
13.061224
13.574966
14.019048
14.480544
14.959456
15.32517
15.865034
16.309116
16.74449
17.197279
17.667483
18.09415
18.564354
19.139048
19.260952
19.382857
19.496054
19.600544
19.696327
20.079456
20.201361
20.323265
20.436463
20.523537
20.65415
20.950204
21.063401
21.167891
21.272381
21.394286
21.498776
21.881905
21.986395
22.117007
22.212789
22.317279
22.413061
22.569796
22.656871
22.787483
22.90068
23.031293
23.135782
23.240272
23.344762
23.440544
23.571156
23.684354
23.806259
23.945578
24.07619
24.189388
24.32
24.398367
24.476735
24.598639
24.720544
24.807619
24.929524
25.025306
25.155918
25.286531
25.399728
25.486803
25.608707
25.730612
25.852517
25.974422
26.096327
26.192109
26.314014
26.418503
26.531701
26.653605
26.74068
26.827755
26.940952
27.097687
27.219592
27.297959
27.402449
27.513469
27.63102
28.153469
28.623673
29.080816
29.583673
30.034286
30.51102
30.961633
31.457959
31.902041
32.326531
32.790204
33.266939
33.717551
34.168163
34.644898
35.049796
35.546122
35.977143
36.460408
36.917551
37.394286
37.779592
38.262857
38.706939
38.837551
38.92898
39.066122
39.164082
39.275102
39.373061
39.516735
39.601633
39.712653
39.856327
39.954286
40.078367
40.195918
40.293878
40.411429
40.509388
40.64
40.74449
40.84898
40.986122
41.103673
41.208163
41.332245
41.456327
41.560816
41.665306
41.789388
41.906939
42.02449
42.12898
42.233469
42.337959
42.827755
43.265306
43.73551
44.225306
46.047347
46.524082
46.994286
47.484082
47.960816
49.756735
50.246531
50.716735
51.180408
51.598367
52.107755
52.499592
52.969796
53.420408
53.86449
54.354286
54.804898
55.222857
55.699592
56.156735
56.626939
57.090612
