0.142222
0.650159
1.137778
1.574603
2.041905
2.499048
2.95619
3.423492
3.911111
4.337778
4.794921
5.262222
5.709206
6.135873
6.613333
7.04
7.507302
7.944127
8.380952
8.858413
9.295238
18.062222
18.529524
18.996825
19.464127
19.931429
20.358095
20.866032
21.333333
21.780317
22.206984
22.684444
23.131429
23.578413
24.025397
24.472381
24.919365
25.366349
25.803175
26.270476
27.215238
27.672381
28.281905
28.413968
28.535873
28.647619
28.739048
28.871111
29.206349
29.348571
29.490794
29.612698
29.724444
29.826032
30.191746
30.313651
30.394921
30.516825
30.628571
30.740317
30.841905
30.984127
31.095873
31.198912
31.329524
31.442721
31.547211
31.660408
31.75619
31.886803
32.017415
32.121905
32.217687
32.348299
32.461497
32.557279
32.653061
32.766259
32.870748
32.975238
33.088435
33.227755
33.367075
33.480272
33.584762
33.680544
33.819864
33.924354
34.028844
34.159456
34.263946
34.377143
34.45551
34.568707
34.708027
34.856054
34.986667
35.082449
35.221769
35.343673
35.404626
35.535238
35.639728
35.77034
35.87483
35.988027
36.092517
36.223129
36.327619
36.432109
36.545306
36.667211
36.780408
36.902313
37.006803
37.12
37.22449
37.355102
37.450884
37.555374
37.677279
37.799184
37.903673
38.034286
38.112653
38.26068
38.347755
38.46966
38.582857
38.722177
38.817959
38.948571
39.053061
39.166259
39.270748
39.401361
39.54068
39.619048
39.767075
39.862857
39.958639
40.080544
40.176327
40.298231
40.385306
40.533333
40.629116
40.75102
40.838095
40.968707
41.073197
41.195102
41.290884
41.412789
41.569524
41.700136
41.769796
41.900408
42.022313
42.118095
42.196463
42.30966
42.431565
42.588299
42.692789
42.805986
42.945306
43.075918
43.145578
43.258776
43.38068
43.502585
43.615782
43.737687
43.816054
43.990204
44.059864
44.216599
46.001633
46.193197
46.315102
46.402177
46.506667
46.645986
46.750476
46.872381
46.950748
47.142313
47.264218
47.36
47.473197
47.595102
47.690884
47.795374
47.960816
49.71102
49.841633
50.007075
50.12898
50.677551
50.834286
50.95619
51.06068
51.591837
51.713741
51.853061
51.974966
52.51483
52.697687
52.828299
52.915374
53.402993
53.542313
53.681633
53.79483
53.89932
54.012517
54.090884
54.212789
54.334694
54.474014
54.569796
54.674286
54.778776
54.909388
55.031293
55.127075
55.240272
55.379592
55.484082
55.588571
55.684354
55.771429
55.856327
55.971701
56.143673
56.274286
56.398367
56.509388
56.64
56.75102
56.875102
56.966531
57.090612
