9.287982
9.939592
10.057143
10.15873
10.270476
10.351746
10.463492
10.88
11.001905
11.133968
11.205079
11.326984
11.428571
11.855238
11.965533
12.074376
12.175964
12.277551
12.408163
12.785488
12.9161
13.024943
13.112018
13.228118
13.329705
13.445805
13.583673
13.699773
13.808617
13.91746
14.03356
14.120635
14.243991
14.360091
14.483447
14.599546
14.70839
14.795465
14.926077
15.049433
15.15102
15.274376
15.390476
15.49932
15.600907
15.709751
15.833107
15.927438
16.036281
16.181406
16.282993
16.391837
16.507937
16.624036
16.754649
16.863492
16.950567
17.088435
17.182766
17.298866
17.400454
17.509297
17.618141
17.748753
17.857596
17.96644
18.068027
18.213152
18.329252
18.40907
18.539683
18.982313
19.468481
19.925624
20.411791
20.832653
21.297052
21.78322
22.233107
22.682993
23.13288
23.568254
24.010884
24.453515
24.917914
25.375057
25.846712
26.311111
27.225397
27.697052
28.161451
28.618594
29.112018
29.569161
29.707029
29.830385
29.939229
30.069841
30.171429
30.26576
30.381859
30.505215
30.614059
30.751927
30.860771
30.976871
31.092971
31.216327
31.303401
31.44127
31.542857
31.651701
31.775057
31.898413
32.007256
32.108844
32.217687
32.348299
32.457143
32.573243
32.67483
32.776417
32.892517
32.994104
33.102948
33.23356
33.356916
33.487528
33.574603
33.67619
33.799546
33.930159
34.039002
34.169615
34.278458
34.387302
34.496145
34.597732
34.728345
34.844444
34.953288
35.047619
35.149206
35.272562
35.37415
35.504762
35.635374
35.736961
35.831293
35.976417
36.092517
36.194104
36.295692
36.440816
36.527891
36.614966
36.745578
36.861678
36.977778
37.093878
37.217234
37.326077
37.456689
37.580045
37.674376
37.797732
37.913832
38.037188
38.138776
38.247619
38.356463
38.479819
38.595918
38.704762
38.84263
38.951474
39.07483
39.183673
39.292517
39.394104
39.510204
39.619048
39.735147
39.829478
39.952834
40.083447
40.206803
40.301134
40.402721
40.533333
40.649433
40.75102
40.881633
40.975964
41.09932
41.208163
41.317007
41.440363
41.549206
41.650794
41.759637
41.875737
41.991837
42.10068
42.21678
42.296599
42.782766
43.290703
43.733333
44.212245
44.379138
44.495238
44.589569
44.727438
44.865306
44.930612
45.024943
45.148299
45.30068
45.402268
45.503855
45.598186
45.707029
45.85941
45.924717
46.055329
46.526984
46.998639
47.477551
47.949206
48.05805
48.203175
48.297506
48.413605
48.507937
48.624036
48.747392
48.841723
48.972336
49.088435
49.17551
49.298866
49.40771
49.509297
49.589116
49.712472
50.234921
50.358277
50.474376
50.590476
50.692063
51.178231
51.250794
51.410431
51.512018
51.606349
51.715193
51.831293
51.940136
52.056236
52.179592
52.295692
52.411791
52.520635
52.643991
52.745578
52.839909
52.963265
53.101134
53.217234
53.326077
53.652608
54.109751
54.57415
55.01678
55.510204
55.945578
56.446259
56.845351
57.121088
