2.191746
2.565079
2.689524
2.943492
3.2
3.91619
4.050794
4.139683
4.23619
4.408889
4.507937
4.622222
4.87873
5.36381
5.615238
5.879365
6.351746
6.600635
6.849524
7.088254
7.342222
7.580952
8.063492
8.449524
8.546032
8.8
9.074286
9.790476
9.92
10.019048
10.16381
10.267937
10.384762
10.499048
10.763175
10.874921
11.022222
11.161905
11.238095
11.334603
11.459048
11.725714
11.824762
11.933968
12.055873
12.16254
12.246349
12.388571
12.525714
12.614603
13.089524
13.313016
13.43746
13.556825
13.99619
14.245079
14.504127
14.71746
14.95619
15.222857
17.594921
17.963175
18.092698
18.354286
18.595556
19.306667
19.423492
19.532698
19.695238
19.794286
19.895873
20.007619
20.271746
20.708571
20.95746
21.213968
21.648254
21.912381
22.16381
22.40254
22.666667
22.892698
23.395556
23.76381
23.862857
24.126984
24.370794
25.12
25.241905
25.346032
25.478095
25.587302
25.696508
25.823492
26.059683
26.196825
26.326349
26.438095
26.526984
26.64381
26.775873
27.034921
27.159365
27.263492
27.380317
27.509841
27.59873
27.720635
27.850159
27.969524
28.426667
28.657778
28.792381
28.906667
29.394286
29.630476
29.864127
30.087619
30.328889
30.595556
31.982222
32.355556
32.495238
32.749206
33.008254
33.721905
33.84381
33.945397
34.102857
34.204444
34.303492
34.435556
34.95619
35.189841
35.479365
35.961905
37.135238
37.457778
38.471111
38.971429
39.332063
39.469206
39.751111
40.027937
40.728889
40.871111
40.987937
41.142857
41.234286
41.328254
41.455238
41.706667
41.937778
42.204444
42.438095
43.159365
43.408254
43.634286
44.203175
44.436825
44.700952
45.188571
45.43746
45.777778
46.008889
46.32127
46.727619
