0.166531
0.594286
0.702041
0.976327
1.234286
1.962449
2.073469
2.187755
2.302041
2.44898
2.543673
2.680816
3.337143
3.474286
3.578776
3.706122
4.146939
4.646531
5.16898
5.616327
6.119184
6.595918
6.847347
7.098776
7.324082
7.562449
9.048163
9.400816
9.564082
9.782857
10.03102
10.759184
10.873469
10.98449
11.118367
11.216327
11.333878
11.425306
11.712653
11.820408
11.908571
12.045714
12.153469
12.297143
12.378776
12.826122
13.309388
13.531429
13.763265
13.995102
14.246531
15.666939
16.062041
16.192653
16.444082
16.685714
17.364898
17.492245
17.603265
17.714286
17.851429
17.955918
18.089796
18.733061
18.883265
18.977959
19.108571
19.529796
19.993469
20.483265
20.976327
21.459592
21.926531
22.200816
22.403265
22.644898
22.906122
24.346122
24.721633
24.842449
25.123265
25.338776
26.076735
26.194286
26.318367
26.458776
26.576327
26.674286
26.77551
27.056327
27.167347
27.24898
27.373061
27.500408
27.617959
27.712653
28.195918
28.662857
28.901224
29.126531
29.397551
29.619592
31.026939
31.36
31.510204
31.794286
32.022857
32.777143
32.897959
32.989388
33.106939
33.22449
33.322449
33.466122
33.906939
34.168163
34.429388
34.968163
36.166531
36.427755
36.930612
37.688163
37.822041
37.952653
38.096327
38.217143
38.334694
38.462041
38.582857
38.746122
38.893061
39.023673
39.111837
39.235918
39.330612
39.493878
40.003265
40.378776
40.496327
40.737959
40.982857
41.70449
41.831837
41.96898
42.083265
42.210612
42.292245
42.406531
42.697143
42.919184
43.154286
43.382857
43.957551
44.946939
45.475918
