0.181769
0.391111
1.116009
1.322086
3.870476
4.115011
4.798549
5.004626
7.632109
7.850522
8.571791
8.809796
9.462132
9.692880
10.165986
10.618050
11.525805
11.792834
12.016327
12.196281
12.463311
12.689705
12.890703
13.129433
13.334059
13.549569
13.769433
14.002358
14.212063
14.448617
14.651791
14.899229
15.114014
15.323719
15.518186
15.742404
15.971701
16.186485
16.399819
16.602993
16.842449
17.001361
17.251701
17.450522
17.679819
17.858322
18.113741
18.346667
18.544762
18.751565
18.996100
19.204354
19.414785
19.633197
19.822585
20.059864
20.285533
20.499592
20.719456
20.929887
21.190385
21.395011
21.627937
22.327438
22.558186
22.783129
23.007347
24.073288
24.286621
24.511565
24.798912
25.886621
26.101406
26.777687
27.004807
27.715193
27.906757
28.659955
28.870385
29.051791
29.317370
30.005986
30.254150
30.464580
30.699683
31.409342
31.614694
31.702494
31.761995
31.844717
32.077642
32.253968
32.489070
32.719093
32.986848
33.652245
33.888798
34.113741
34.367710
34.573061
34.849524
35.476463
35.737687
38.698957
38.926803
39.597279
39.823673
40.539864
40.780771
41.458503
41.691429
42.361905
42.603537
42.874921
43.300136
