0.121905
0.406349
1.115646
1.369615
3.885714
4.117914
4.805442
5.044898
7.620862
7.863946
8.565986
8.830839
9.496599
9.739683
10.204082
10.643084
11.341497
11.615420
11.813152
12.048980
12.221315
12.486168
12.676644
12.896145
13.135601
13.326077
13.554649
13.757823
13.999093
14.222222
14.447166
14.672109
14.909751
15.116553
15.321542
15.562812
15.727891
15.978231
16.230385
16.417234
16.604082
16.832653
17.070295
17.258957
17.467574
17.703401
17.904762
18.140590
18.358277
18.561451
18.799093
19.022222
19.236281
19.444898
19.648073
19.878458
20.090703
20.304762
20.536961
20.749206
20.983220
21.184580
21.414966
21.661678
22.312925
22.557823
22.790023
23.022222
24.112472
24.321088
24.587755
24.803628
25.902948
26.243991
26.788209
27.051247
27.742404
28.009070
28.624036
28.883447
30.909751
31.181859
31.780499
32.085261
32.393651
35.038549
35.268934
35.980045
36.214059
36.863492
37.064853
37.322449
37.538322
38.470748
39.348753
40.266667
41.211791
42.117007
43.180045
