0.151837
0.400000
0.659592
0.868571
1.056327
1.271837
1.570612
1.779592
2.048980
2.284082
2.517551
2.749388
2.955102
3.191837
3.400816
3.635918
3.866122
4.081633
4.339592
4.600816
4.790204
5.028571
5.289796
5.516735
5.750204
5.998367
6.240000
6.480000
6.664490
6.893061
7.154286
7.382857
7.635918
7.903673
8.145306
8.349388
8.586122
8.811429
9.077551
9.265306
9.497143
9.715918
9.931429
10.142041
10.256327
10.355918
10.480000
10.608980
10.920816
11.102041
11.319184
11.559184
11.804082
11.996735
12.222041
12.448980
12.672653
12.886531
13.110204
13.330612
13.564082
13.784490
14.000000
14.244898
14.437551
14.633469
14.873469
15.090612
15.297959
15.518367
15.745306
15.967347
16.176327
16.390204
16.597551
16.809796
17.066122
17.270204
17.490612
17.701224
17.915102
18.102857
18.336327
18.571429
18.790204
19.002449
19.204898
19.425306
19.662041
19.871020
20.058776
20.269388
20.491429
20.715102
20.871837
20.984490
21.071020
21.160816
21.410612
21.622857
21.854694
22.124082
22.831020
22.994286
23.242449
23.436735
23.637551
23.877551
24.577959
24.755918
24.984490
25.201633
25.410612
25.653878
26.223673
26.376054
26.586122
27.073741
27.260952
27.475374
27.994558
28.194830
28.449524
28.919728
29.548844
29.765442
30.027755
30.229116
30.470748
30.700408
33.203810
33.442177
33.554286
33.656599
33.739320
33.894966
34.173605
34.575238
34.782041
35.035646
35.258776
35.461224
35.658231
35.980408
36.142585
36.364626
36.633469
37.253878
37.504218
37.789388
37.982041
38.210612
38.493605
39.218503
39.407891
39.835646
40.056599
40.304762
40.999184
41.219048
41.634830
41.904762
42.132245
42.925714
43.215238
44.855510
