0.156735
0.396190
1.075374
1.310476
1.994014
2.281361
2.490340
2.714921
2.963810
3.194921
3.436190
3.611429
3.847619
4.078730
4.774603
5.031111
5.732063
6.001270
6.219683
6.460952
6.730159
6.994286
7.166984
7.428571
7.596190
7.860317
8.581587
8.777143
9.442540
9.699048
10.146032
10.598095
11.332063
11.573333
11.761270
11.969524
12.236190
12.434286
12.673016
12.901587
13.104762
13.351474
13.546667
13.781769
14.010340
14.245442
14.456599
14.674286
14.894150
15.120544
15.318639
15.542857
15.764898
15.976054
16.193741
16.404898
16.613878
16.818503
17.066667
17.262585
17.491156
17.695782
17.917823
18.135510
18.331429
18.564354
18.775510
18.999728
19.206531
19.408980
19.622313
19.855238
20.085986
20.301497
20.493061
20.715102
20.928435
21.170068
21.396463
21.629388
21.838367
22.110476
22.859320
23.018231
23.259864
23.451429
23.645170
23.891156
24.592109
24.761905
24.979592
25.208163
25.417143
25.682721
26.159456
26.344490
26.592653
27.051973
27.239184
27.493878
27.968435
28.170884
28.434286
28.860952
30.262857
30.497959
30.720000
31.379592
31.616871
31.745306
31.826939
31.973878
32.066939
32.331429
32.556735
33.217959
33.464490
33.578776
33.675102
33.766531
33.902041
34.137143
34.367347
34.584490
34.819592
35.095510
35.270204
35.498776
35.715918
35.937959
36.146939
36.852245
37.108571
37.324082
37.546122
38.014694
38.687347
38.938776
39.621224
39.861224
40.511020
40.804898
41.448163
41.675102
42.368980
42.626939
42.888163
43.209796
