0.193016
0.436825
1.178413
1.417143
4.099048
4.332698
5.064127
5.282540
7.964444
8.248889
8.970159
9.254603
9.955556
10.224762
10.712381
11.210159
12.012698
12.261587
12.530794
12.733968
12.987937
13.226667
13.480635
13.724444
13.953016
14.191746
14.455873
14.633651
14.913016
15.161905
15.410794
15.603810
15.878095
16.116825
16.325079
16.573968
16.787302
17.061587
17.295238
17.488254
17.737143
17.991111
18.194286
18.453333
18.692063
18.925714
19.154286
19.398095
19.646984
19.855238
20.104127
20.322540
20.540952
20.805079
21.043810
21.267302
21.506032
21.739683
21.968254
22.161270
22.445714
22.684444
22.918095
23.141587
23.944127
24.223492
24.446984
24.721270
25.884444
26.118095
26.422857
26.671746
27.834921
28.088889
28.825397
29.094603
29.836190
30.074921
30.836825
30.943492
31.304127
31.619048
32.386032
32.645079
32.919365
33.183492
33.894603
34.138413
34.219683
34.392381
34.514286
34.646349
34.854603
35.139048
35.408254
35.646984
36.444444
36.698413
36.993016
37.216508
37.465397
37.795556
38.435556
38.796190
41.914921
42.265397
42.996825
43.260952
44.022857
44.261587
44.998095
45.302857
46.064762
46.339048
46.587937
46.907937
