0.182857
0.473107
1.137778
1.416417
4.086712
4.318912
5.059048
5.311565
7.976054
8.228571
8.980317
9.212517
9.972971
10.245805
10.750839
11.218141
11.984399
12.261587
12.506667
12.740317
12.986667
13.233016
13.465397
13.709206
13.959365
14.205714
14.459683
14.685714
14.916825
15.139048
15.428571
15.644444
15.906032
16.128254
16.349206
16.594286
16.824127
16.987937
17.311746
17.517460
17.775238
18.010159
18.261587
18.499048
18.712381
18.932063
19.164444
19.387937
19.624127
19.845079
20.109206
20.322540
20.566349
20.774603
21.027302
21.272381
21.529252
21.720816
21.988571
22.201905
22.443175
22.646349
22.890159
23.166984
23.916190
24.167619
24.360635
24.673016
25.869206
26.133333
26.382222
26.618413
27.840000
28.208254
28.845714
29.130159
29.800635
30.085079
30.836825
31.118730
33.346032
33.622857
34.384762
34.659048
34.933333
35.100952
37.937778
38.227302
38.928254
39.258413
39.941587
40.132063
40.454603
40.718730
41.747302
42.732698
43.771429
44.759365
45.815873
46.946032
