0.177778
0.469841
0.723810
0.972336
1.184580
1.425850
1.681633
1.912018
2.146032
2.403628
2.621315
2.922449
3.145578
3.401361
3.626304
3.862132
4.088889
4.344671
4.578685
4.856236
5.057596
5.317007
5.590930
5.828571
6.075283
6.329252
6.574150
6.831746
7.060317
7.278005
7.528345
7.755102
8.009070
8.259410
8.551474
8.776417
9.003175
9.262585
9.532880
9.761451
9.951927
10.234921
10.505215
10.739229
10.889796
10.996825
11.074830
11.241723
11.512018
11.744218
12.010884
12.246712
12.515193
12.747392
13.004989
13.220862
13.502041
13.728798
13.955556
14.165986
14.394558
14.668481
14.907937
15.129252
15.375964
15.608163
15.873016
16.119728
16.350113
16.602268
16.843537
17.081179
17.302494
17.549206
17.785034
18.000907
18.251247
18.454422
18.684807
18.942404
19.176417
19.417687
19.640816
19.867574
20.112472
20.348299
20.580499
20.821769
21.068481
21.273469
21.518367
21.750567
21.986395
22.211338
22.341950
22.488889
22.579592
22.712018
22.920635
23.192744
23.444898
23.684354
24.440816
24.647619
24.923356
25.168254
25.380499
25.647166
26.367347
26.595918
26.871655
27.102041
27.336054
27.604535
28.152381
28.373696
28.613152
29.101134
29.335147
29.592744
30.140590
30.354649
30.626757
31.094785
31.838549
32.145125
32.411791
32.645805
32.888889
33.133787
35.929252
36.224943
36.382766
36.504308
36.607710
36.707483
36.985034
37.184580
37.436735
37.699773
37.948299
38.185941
38.427211
38.706576
38.980499
39.192744
39.426757
39.709751
40.524263
40.749206
41.008617
41.248073
41.483900
41.748753
42.468934
42.750113
43.268934
43.526531
43.785941
44.540590
44.818141
45.322449
45.552834
45.853968
46.579592
46.909751
48.462585
