0.166893
0.406349
1.175510
1.414966
2.162358
2.409070
2.663039
2.946032
3.134694
3.366893
3.613605
3.867574
4.107029
4.353741
5.086621
5.347846
6.037188
6.298413
6.511746
6.780952
7.009524
7.238095
7.486984
7.761270
7.984762
8.253968
8.975238
9.239365
9.986032
10.209524
10.722540
11.220317
11.977143
12.220952
12.464762
12.718730
12.977778
13.216508
13.414603
13.699048
13.922540
14.186667
14.430476
14.628571
14.902857
15.156825
15.390476
15.608889
15.832381
16.086349
16.350476
16.558730
16.797460
17.031111
17.244444
17.493333
17.757460
17.980952
18.224762
18.433016
18.671746
18.925714
19.133968
19.382857
19.631746
19.850159
20.083810
20.286984
20.571429
20.794921
21.028571
21.252063
21.470476
21.729524
21.973333
22.186667
22.430476
22.669206
22.923175
23.161905
23.420952
23.680000
24.426667
24.685714
24.904127
25.178413
25.422222
25.660952
26.382222
26.600635
26.839365
27.108571
27.352381
27.616508
28.119365
28.383492
28.632381
29.104762
29.363810
29.602540
30.110476
30.349206
30.603175
31.100952
32.375873
32.650159
32.924444
33.163175
33.889524
34.153651
34.300952
34.438095
34.557823
34.641270
34.898866
35.127438
35.929252
36.201361
36.313832
36.444444
36.546032
36.712925
36.959637
37.184580
37.449433
37.696145
37.964626
38.178685
38.436281
38.664853
38.933333
39.154649
39.970975
40.235828
40.460771
40.703855
40.968707
41.208163
42.006349
42.263946
42.985941
43.250794
44.027211
44.302948
45.061224
45.329705
46.098866
46.352834
46.595918
46.897052
