0.166893
0.406349
1.110204
1.34966
2.02449
2.242177
2.474376
2.693515
2.925714
3.117279
3.291429
3.517823
3.767438
4.011247
4.649796
4.858776
5.456689
5.659864
5.903673
6.112653
6.304218
6.519002
6.733787
6.971791
7.157551
7.383946
7.981859
8.219864
8.829388
9.044172
9.467937
9.891701
10.588299
10.797279
11.012063
11.238458
11.459048
11.668027
11.871202
12.062766
12.260136
12.469116
12.678095
12.83483
13.096054
13.293424
13.502404
13.722993
13.943583
14.152562
14.338322
14.547302
14.744671
14.953651
15.15102
15.354195
15.55737
15.783764
15.975329
16.184308
16.387483
16.567438
16.811247
17.002812
17.200181
17.385941
17.606531
17.832925
18.018685
18.227664
18.419229
18.622404
18.842993
19.028753
19.231927
19.458322
19.661497
19.870476
20.085261
20.27102
20.53805
20.787664
21.437823
21.606168
21.832562
22.006712
22.209887
22.447891
23.07483
23.26059
23.475374
23.672744
23.899138
24.125533
24.572517
24.787302
24.990476
25.385215
25.582585
25.826395
26.267574
26.435918
26.650703
27.068662
28.130975
28.34576
28.589569
28.763719
29.466122
29.692517
29.797007
29.878277
29.982766
30.116281
30.319456
30.574875
31.196009
31.410794
31.526893
31.631383
31.730068
31.851973
32.078367
32.269932
32.507937
32.711111
32.972336
33.146485
33.367075
33.576054
33.819864
33.976599
34.626757
34.841542
35.062132
35.265306
35.480091
35.67746
36.339229
36.577234
37.215782
37.453787
38.109751
38.36517
38.945669
39.189478
39.775782
40.013787
40.240181
40.542041
43.34585
43.55483
43.798639
43.996009
44.199184
44.413968
44.611338
45.058322
45.273107
45.487891
45.691066
45.801361
45.900045
46.016145
46.132245
46.236735
46.33542
46.434104
46.526984
46.724354
46.973968
47.653152
47.891156
48.518095
48.773515
49.371429
49.574603
49.783583
50.015782
50.625306
50.851701
51.478639
51.722449
52.302948
52.529342
52.755737
52.993741
53.905125
55.902041
56.116825
56.349025
56.54059
56.645079
56.755374
56.848254
56.946939
57.173333
57.376508
57.602902
57.846712
58.073107
58.479456
58.700045
58.93805
59.361814
59.559184
59.826213
60.029388
60.244172
60.441542
60.679546
60.865306
61.085896
61.283265
61.52127
61.741859
61.927619
62.124989
62.345578
62.531338
62.751927
62.972517
63.657506
63.866485
64.10449
64.290249
64.516644
64.743039
65.010068
65.219048
65.416417
65.596372
65.863401
66.281361
66.705125
67.099864
67.320454
67.564263
67.738413
67.947392
68.150567
68.371156
68.591746
68.789116
69.0039
69.230295
69.433469
69.642449
69.804989
70.066213
70.286803
70.472562
70.710567
70.942766
71.378141
71.778685
72.202449
72.411429
72.637823
72.835193
73.044172
73.247347
73.462132
73.659501
73.880091
74.094875
74.303855
74.518639
74.716009
74.913379
75.162993
75.337143
75.551927
75.784127
76.016327
76.457506
76.863855
77.264399
77.363084
77.508209
77.955193
78.106122
78.216417
78.320907
78.471837
79.16263
79.470295
79.725714
79.946304
80.114649
80.323628
80.445533
80.590658
80.683537
80.799637
81.026032
81.275646
81.507846
81.71102
81.92
82.134785
82.221859
82.332154
82.419229
82.529524
82.773333
82.993923
83.249342
83.435102
83.632472
83.853061
83.986576
84.050431
84.131701
84.25941
84.49161
84.7122
85.548118
85.826757
86.000907
86.233107
86.465306
87.28381
88.200998
88.996281
89.251701
89.44907
89.663855
89.901859
90.743583
91.190567
91.666576
93.982766
94.185941
94.371701
94.621315
94.737415
94.87093
94.992834
95.120544
95.759093
95.939048
96.380227
96.583401
96.821406
97.436735
97.668934
97.906939
98.133333
98.319093
98.539683
98.766077
99.213061
99.427846
99.660045
99.869025
100.06059
100.310204
100.419048
100.500317
100.606984
100.703492
100.815238
100.932063
101.013333
101.130159
101.226667
101.338413
101.445079
101.561905
101.658413
101.76
101.851429
101.963175
102.069841
102.146032
102.262857
102.364444
102.471111
102.577778
102.679365
102.770794
102.872381
102.994286
103.090794
103.192381
103.288889
103.400635
103.507302
103.60381
103.705397
103.801905
103.903492
103.989841
104.101587
104.198095
104.294603
104.386032
104.492698
104.599365
104.690794
104.787302
104.904127
105.010794
105.097143
105.19873
105.315556
105.381587
105.503492
105.594921
105.68127
105.782857
105.864127
105.970794
106.214603
106.438095
106.666667
106.900317
107.885714
108.32254
108.505397
108.693333
108.95746
109.084444
109.186032
109.262222
109.394286
109.638095
110.069841
110.333968
111.12127
111.390476
111.801905
112.045714
112.995556
113.406984
113.833651
114.265397
114.727619
115.169524
115.611429
116.200635
116.307302
116.39873
116.490159
116.601905
116.688254
116.794921
116.871111
116.977778
117.084444
117.180952
117.323175
117.673651
117.881905
118.135873
118.339048
118.587937
119.014603
119.43619
119.832381
120.050794
120.284444
120.502857
120.690794
120.904127
121.137778
121.554286
121.960635
122.372063
122.590476
122.900317
123.11873
123.306667
123.494603
123.773968
124.185397
124.601905
125.003175
125.272381
125.465397
125.673651
125.892063
126.100317
126.333968
126.760635
127.19746
127.583492
127.786667
128.055873
128.264127
128.462222
128.690794
128.888889
129.346032
129.782857
130.209524
130.620952
130.829206
131.047619
131.240635
131.504762
131.961905
132.393651
132.835556
133.079365
133.968254
134.598095
134.836825
135.507302
135.740952
136.0
136.187937
136.386032
136.594286
136.79746
137.005714
137.244444
137.467937
138.097778
138.341587
138.971429
139.215238
139.408254
139.641905
139.855238
140.07873
140.276825
140.459683
140.698413
140.932063
141.556825
141.785397
142.4
142.63873
143.050159
143.492063
144.096508
144.365714
145.020952
145.219048
145.43746
145.610159
145.83873
146.062222
146.707302
146.915556
147.12381
147.332063
147.743492
148.007619
148.180317
148.627302
148.835556
149.03873
149.485714
149.734603
149.932698
150.344127
150.55746
150.750476
151.207619
151.410794
151.613968
151.84254
152.07619
152.279365
152.48254
156.39873
156.652698
156.87619
157.221587
160.594286
160.812698
161.04127
161.224127
161.43746
161.660952
161.884444
162.311111
162.524444
162.742857
162.95619
163.083175
163.194921
163.27619
163.382857
163.489524
163.570794
163.707937
163.804444
164.027937
164.266667
164.952381
165.191111
165.851429
166.115556
166.745397
166.953651
167.182222
167.395556
167.613968
167.832381
168.050794
168.253968
168.48254
168.680635
168.80254
168.934603
169.020952
169.112381
169.239365
169.351111
169.467937
169.559365
169.666032
169.772698
169.899683
170.006349
170.107937
170.194286
170.306032
170.407619
170.524444
170.626032
170.72254
170.824127
170.920635
171.022222
171.128889
171.260952
171.352381
171.453968
171.550476
171.662222
171.768889
171.895873
172.00254
172.099048
172.246349
172.347937
172.454603
172.546032
172.647619
172.759365
172.866032
172.967619
173.099683
173.19619
173.28254
173.399365
173.51619
173.607619
173.714286
173.83619
176.812698
177.026032
177.249524
177.483175
177.589841
177.701587
177.767619
177.894603
178.123175
178.351746
178.549841
178.788571
179.012063
179.494603
179.723175
179.926349
180.353016
180.581587
180.789841
181.003175
181.226667
181.445079
181.693968
181.907302
182.115556
182.354286
182.633651
182.826667
183.04
183.238095
183.481905
183.903492
184.289524
184.675556
184.904127
185.147937
185.35619
185.574603
185.772698
185.986032
186.194286
186.433016
186.631111
186.854603
187.03746
187.260952
187.469206
187.692698
187.900952
188.08381
188.327619
188.55619
188.972698
189.353651
189.724444
189.947937
190.146032
190.354286
190.567619
190.79619
190.984127
191.192381
191.395556
191.608889
191.817143
192.025397
192.248889
192.411429
192.629841
192.888889
193.061587
193.290159
193.508571
193.935238
194.143492
194.382222
194.793651
195.184762
195.560635
195.76381
195.966984
196.226032
196.388571
196.596825
197.023492
197.470476
198.313651
199.161905
200.040635
200.284444
200.47746
200.711111
201.147937
201.584762
201.986032
202.194286
202.412698
202.626032
202.829206
203.062857
203.260952
203.697778
204.139683
204.566349
204.779683
204.998095
205.19619
205.633016
206.064762
206.973968
207.182222
207.370159
207.624127
208.045714
208.487619
208.914286
209.097143
209.35619
209.620317
209.803175
210.041905
210.214603
210.666667
211.057778
211.474286
211.697778
211.911111
212.104127
212.784762
213.643175
214.577778
215.075556
215.613968
217.828571
218.07746
218.300952
218.514286
218.707302
218.935873
219.555556
219.76381
219.982222
220.170159
220.388571
220.591746
221.236825
221.450159
221.633016
221.881905
222.090159
222.288254
222.552381
222.745397
222.933333
223.166984
224.502857
224.700952
226.021587
226.265397
226.946032
227.154286
227.799365
228.038095
228.678095
228.896508
229.130159
229.318095
229.541587
229.739683
229.927619
230.146032
230.354286
230.521905
230.740317
230.938413
231.177143
231.370159
231.588571
231.786667
231.984762
232.187937
232.391111
232.594286
232.817778
232.980317
233.19873
233.417143
233.579683
233.818413
234.006349
234.229841
234.422857
234.727619
235.479365
235.799365
236.048254
236.271746
236.474921
236.673016
236.779683
236.87619
236.993016
237.109841
237.313016
237.511111
237.719365
237.92254
238.135873
238.359365
238.450794
238.577778
238.689524
238.80127
238.994286
239.207619
239.466667
239.68
240.0
240.096508
240.182857
240.289524
240.411429
240.513016
240.71619
240.96
241.76254
242.046984
242.260317
242.438095
242.686984
243.514921
243.784127
244.226032
244.469841
244.673016
245.104762
245.333333
245.577143
245.739683
245.99873
246.212063
246.460952
246.902857
247.166984
247.690159
248.345397
