0.185034
0.44263
1.150476
1.412063
2.072381
2.351746
2.614603
2.826667
3.03619
3.264762
3.498413
3.733333
3.951746
4.180317
4.853333
5.084444
5.733333
5.991111
6.16
6.420317
6.63746
6.850794
7.088254
7.306667
7.512381
7.735873
8.40381
8.627302
9.319365
9.549206
10.00127
10.462222
11.12254
11.351111
11.560635
11.767619
11.989841
12.208254
12.416508
12.627302
12.836825
13.053968
13.266032
13.413333
13.490794
13.671111
13.885714
14.104127
14.297143
14.513016
14.72254
14.932063
15.133968
15.354921
15.568254
15.766349
15.970794
16.189206
16.374603
16.586667
16.793651
16.995556
17.208889
17.398095
17.608889
17.813333
18.017778
18.23619
18.444444
18.64127
18.855873
19.070476
19.27873
19.476825
19.685079
19.889524
20.110476
20.32
20.520635
20.733968
20.935873
21.192381
21.456508
22.138413
22.292063
22.539683
22.72127
22.933333
23.150476
23.793016
23.979683
24.210794
24.413968
24.619683
24.850794
25.323175
25.509841
25.752381
26.096508
26.359365
26.585397
27.017143
27.224127
27.460317
27.881905
28.869841
29.109841
29.325714
29.544127
30.203175
30.39746
30.516825
30.623492
30.706032
30.833016
31.095873
31.337143
31.913651
32.134603
32.264127
32.353016
32.457143
32.577778
32.831746
33.009524
33.234286
33.452698
33.68381
33.899683
34.121905
34.339048
34.551111
34.777143
35.452698
35.655873
35.857778
36.085079
36.32127
36.519365
37.220317
37.431111
38.027937
38.279365
38.948571
39.194921
39.800635
40.035556
40.64127
40.923175
41.170794
41.503492
43.865397
44.115556
44.344127
44.572698
44.783492
45.008254
45.211429
45.650794
45.874286
46.093968
46.297143
46.410159
46.534603
46.619683
46.761905
46.905397
46.987937
47.061587
47.180952
47.408254
47.638095
48.345397
48.584127
49.230476
49.446349
50.074921
50.299683
50.539683
50.774603
51.44254
51.67746
52.341587
52.593016
53.192381
53.418413
53.659683
53.903492
54.819048
56.924444
57.160635
57.398095
57.60254
57.724444
57.84381
57.933968
58.059683
58.309841
58.521905
58.731429
58.984127
59.220317
59.671111
59.904762
60.15746
60.614603
60.849524
61.076825
61.301587
61.767619
62.006349
62.205714
62.455873
62.656508
62.911746
63.11746
63.338413
63.575873
63.787937
64.005079
64.24127
64.471111
65.179683
65.406984
65.654603
65.871746
66.096508
66.333968
66.586667
66.791111
67.028571
67.216508
67.474286
67.939048
68.378413
68.792381
69.048889
69.291429
69.52254
69.728254
69.940317
70.15873
70.378413
70.594286
70.808889
71.047619
71.263492
71.492063
71.693968
71.925079
72.165079
72.359365
72.586667
72.844444
73.296508
73.699048
74.118095
74.350476
74.584127
74.806349
75.001905
75.224127
75.456508
75.68127
75.903492
76.113016
76.330159
76.554921
76.764444
76.987937
77.233016
77.43619
77.67873
77.909841
78.15746
78.631111
79.048889
79.433651
79.545397
79.721905
80.208254
80.355556
80.48254
80.603175
80.758095
81.471746
81.831111
82.102857
82.32254
82.547302
82.777143
82.925714
82.999365
83.090794
83.244444
83.488254
83.715556
83.956825
84.15619
84.39873
84.619683
84.750476
84.88
84.990476
85.095873
85.316825
85.546667
85.815873
86.016508
86.223492
86.426667
86.587937
86.679365
86.770794
86.897778
87.12
87.376508
88.303492
88.594286
88.811429
89.033651
89.27873
90.270476
91.259683
92.133333
92.387302
92.590476
92.80254
93.070476
93.956825
94.457143
94.916825
97.324444
97.578413
97.787937
98.021587
98.142222
98.292063
98.380952
98.533333
99.188571
99.461587
99.911111
100.144762
100.377143
101.028571
101.268571
101.504762
101.732063
101.947937
102.185397
102.440635
102.895238
103.114921
103.349841
103.574603
103.766349
104.033016
104.16254
104.270476
104.392381
104.500317
104.605714
104.703492
104.825397
104.939683
105.062857
105.158095
105.269841
105.386667
105.489524
105.592381
105.701587
105.820952
105.914921
106.015238
106.128254
106.23873
106.350476
106.457143
106.554921
106.655238
106.769524
106.88381
106.989206
107.085714
107.207619
107.316825
107.422222
107.533968
107.634286
107.735873
107.850159
107.946667
108.063492
108.168889
108.279365
108.380952
108.486349
108.601905
108.708571
108.80381
108.913016
109.026032
109.12127
109.229206
109.342222
109.447619
109.549206
109.654603
109.748571
109.852698
109.961905
110.073651
110.32254
110.55746
110.793651
111.031111
112.119365
112.593016
112.807619
113.03746
113.260952
113.399365
113.512381
113.553016
113.718095
113.964444
114.421587
114.692063
115.542857
115.855238
116.31746
116.56
117.60381
118.055873
118.525714
119.001905
119.481905
119.927619
120.425397
121.048889
121.192381
121.285079
121.399365
121.51873
121.624127
121.720635
121.823492
121.927619
122.025397
122.116825
122.264127
122.606984
122.88254
123.081905
123.27619
123.546667
124.022857
124.509206
124.932063
125.19619
125.43619
125.638095
125.902222
126.111746
126.379683
126.860952
127.35619
127.799365
128.016508
128.288254
128.547302
128.731429
128.982857
129.213968
129.671111
130.15619
130.585397
130.826667
131.066667
131.287619
131.507302
131.76
132.017778
132.48254
132.970159
133.43619
133.672381
133.966984
134.177778
134.39619
134.601905
134.838095
135.333333
135.810794
136.266667
136.754286
137.005714
137.246984
137.456508
137.723175
138.204444
138.692063
139.173333
139.412063
140.331429
141.031111
141.27746
141.974603
142.209524
142.459683
142.626032
142.896508
143.111111
143.351111
143.579683
143.805714
144.038095
144.699683
144.939683
145.630476
145.874286
146.092698
146.332698
146.540952
146.753016
146.981587
147.205079
147.43619
147.659683
148.308571
148.565079
149.239365
149.479365
149.937778
150.378413
151.145397
151.448889
152.206984
152.412698
152.618413
152.849524
153.066667
153.323175
153.986032
154.198095
154.426667
154.651429
155.089524
155.338413
155.566984
156.017778
156.23873
156.452063
156.926984
157.164444
157.381587
157.813333
158.030476
158.275556
158.731429
158.968889
159.192381
159.406984
159.627937
159.847619
160.087619
164.579048
164.840635
165.133968
165.606349
168.622222
168.853333
169.098413
169.315556
169.536508
169.749841
169.989841
170.419048
170.612063
170.88127
171.073016
171.206349
171.293968
171.413333
171.563175
171.713016
171.826032
171.92
172.008889
172.248889
172.500317
173.19746
173.446349
174.140952
174.407619
175.089524
175.332063
175.568254
175.790476
176.016508
176.262857
176.472381
176.679365
176.934603
177.12
177.28381
177.390476
177.499683
177.6
177.706667
177.789206
177.861587
177.934694
177.998186
178.070748
178.307483
178.419955
178.524263
178.6322
178.743764
178.87619
178.984127
179.112925
179.221769
179.306122
179.409524
179.556463
179.639002
179.736961
179.879365
179.999093
180.097052
180.214059
180.321088
180.439909
180.548753
180.643991
180.760091
180.908844
181.02585
181.143764
181.239909
181.332426
181.436735
181.527438
181.69161
181.830385
181.940136
182.035374
182.146939
182.267574
182.36644
182.468934
182.59229
185.876644
186.10068
186.328345
186.569615
186.729252
186.839909
186.907937
187.035828
187.27619
187.500227
187.724263
187.963719
188.193197
188.691156
188.927891
189.167347
189.628118
189.852154
190.072562
190.315646
190.536961
190.780952
191.008617
191.235374
191.46576
191.701587
191.970975
192.196825
192.413605
192.621315
192.864399
193.314286
193.735147
194.175057
194.414512
194.678458
194.893424
195.12381
195.322449
195.550113
195.784127
195.994558
196.222222
196.44898
196.673923
196.880726
197.09932
197.324263
197.577324
197.761451
197.998186
198.253061
198.709297
199.135601
199.567347
199.804082
200.060771
200.276644
200.487982
200.716553
200.933333
201.16644
201.380499
201.603628
201.814966
202.03356
202.263039
202.464399
202.71746
202.954195
203.152834
203.388662
203.650794
204.123356
204.331973
204.598639
205.049433
205.480272
205.919274
206.179592
206.426304
206.661224
206.848073
207.116553
207.573696
208.026304
208.98322
209.910204
210.956916
211.172789
211.382313
211.629932
212.102494
212.584127
213.0322
213.230839
213.460317
213.68254
213.910204
214.126077
214.370068
214.834467
215.310658
215.779592
216.004535
216.204082
216.458957
216.929705
217.342404
218.179592
218.44263
218.646712
218.920635
219.401361
219.853061
220.316553
220.530612
220.785488
221.026757
221.254422
221.479365
221.692517
222.179592
222.622222
223.072109
223.26712
223.515646
223.735147
224.419955
225.415873
226.365533
226.941497
227.528345
230.065306
230.309297
230.581406
230.763719
230.969615
231.200907
231.822222
232.03356
232.270295
232.465306
232.698413
232.907937
233.548299
233.764172
234.048073
234.212245
234.439909
234.636735
234.89161
235.092063
235.308844
235.542857
236.914286
237.155556
238.49161
238.734694
239.402268
239.613605
240.237642
240.452608
241.162812
241.391383
241.600907
241.831293
242.049887
242.255782
242.456236
242.673016
242.88254
243.094785
243.311565
243.518367
243.732426
243.936508
244.165079
244.378231
244.579592
244.8
245.010431
245.218141
245.429478
245.638095
245.847619
246.062585
246.268481
246.478005
246.693878
246.918821
247.12381
247.453061
248.234014
248.570522
248.83356
249.043084
249.248073
249.461224
249.611791
249.697052
249.796825
249.892971
250.159637
250.399093
250.620408
250.832653
251.030385
251.256236
251.402268
251.510204
251.628118
251.718821
251.961905
252.181406
252.43356
252.64127
252.871655
253.075737
253.238095
253.314286
253.404989
253.52381
253.746032
254.013605
254.896145
255.14195
255.377778
255.607256
255.863039
256.753741
257.04127
257.506576
257.746939
258.010884
258.451701
258.710204
258.948753
259.176417
259.404989
259.648073
259.905669
260.351927
260.627664
261.171882
261.870295
