0.189206349
0.425396825
1.135238095
1.370158730
2.026666667
2.290793651
2.511746032
2.733968254
2.921904762
3.166984127
3.382857143
3.603809524
3.838730159
4.067301587
4.707301587
4.935873016
5.565714286
5.804444444
6.013968254
6.247619048
6.453333333
6.673015873
6.900317460
7.112380952
7.283809524
7.558095238
8.196825397
8.421587302
9.055238095
9.282539683
9.704126984
10.140952381
10.811428571
10.999365079
11.246984127
11.457777778
11.664761905
11.873015873
12.086349206
12.318730159
12.516825397
12.745396825
12.942222222
13.142857143
13.362539683
13.586031746
13.793015873
13.996190476
14.217142857
14.419047619
14.632380952
14.840634921
15.061587302
15.252063492
15.479365079
15.677460317
15.871746032
16.105396825
16.308571429
16.523174603
16.733968254
16.956190476
17.156825397
17.368888889
17.570793651
17.776507937
17.993650794
18.199365079
18.393650794
18.622222222
18.824126984
19.032380952
19.224126984
19.459047619
19.653333333
19.880634921
20.063492063
20.280634921
20.485079365
20.704761905
20.958730159
21.234285714
21.917460317
22.125714286
22.328888889
22.532063492
22.739047619
22.975238095
23.605079365
23.791746032
24.020317460
24.241269841
24.455873016
24.695873016
25.116190476
25.328253968
25.564444444
25.925079365
26.195555556
26.434285714
26.845714286
27.057777778
27.273650794
27.710476190
28.673015873
28.905396825
29.137777778
29.371428571
29.958095238
30.180317460
30.293333333
30.393650794
30.516825397
30.618412698
30.852063492
31.108571429
31.734603175
31.961904762
32.067301587
32.140952381
32.248888889
32.405079365
32.661587302
32.858412698
33.097142857
33.310476190
33.522539683
33.757460317
33.984761905
34.199365079
34.405079365
34.645079365
35.334603175
35.545396825
35.780317460
36.006349206
36.262857143
36.435555556
37.205079365
37.404444444
38.077460317
38.313650794
38.991746032
39.239365079
39.892063492
40.124444444
40.793650794
41.061587302
41.302857143
41.648253968
44.495238095
44.726349206
44.937142857
45.147936508
45.379047619
45.591111111
45.804444444
46.256507937
46.492698413
46.703492063
46.906666667
47.041269841
47.151746032
47.239365079
47.363809524
47.489523810
47.630476190
47.787936508
48.003809524
48.255238095
48.958730159
49.174603175
49.837460317
50.072380952
50.699682540
50.939682540
51.160634921
51.365079365
52.013968254
52.247619048
52.920634921
53.173333333
53.747301587
53.975873016
54.198095238
54.454603175
55.343492063
57.481904762
57.710476190
57.939047619
58.137142857
58.255238095
58.373333333
58.455873016
58.571428571
58.825396825
59.050158730
59.255873016
59.508571429
59.738412698
60.182857143
60.421587302
60.662857143
61.128888889
61.389206349
61.633015873
61.876825397
62.312380952
62.565079365
62.782222222
63.019682540
63.210158730
63.471746032
63.692698413
63.914920635
64.119365079
64.340317460
64.542222222
64.769523810
64.994285714
65.678730159
65.917460317
66.148571429
66.366984127
66.594285714
66.819047619
67.046349206
67.255873016
67.480634921
67.682539683
67.920000000
68.360634921
68.791111111
69.188571429
69.417142857
69.646984127
69.865396825
70.081269841
70.283174603
70.496507937
70.717460317
70.933333333
71.139047619
71.367619048
71.574603175
71.796825397
71.984761905
72.205714286
72.446984127
72.643809524
72.880000000
73.133968254
73.432380952
73.584761905
73.996190476
74.417777778
74.631111111
74.882539683
75.076825397
75.293968254
75.511111111
75.724444444
75.949206349
76.148571429
76.355555556
76.585396825
76.802539683
77.026031746
77.222857143
77.447619048
77.660952381
77.885714286
78.095238095
78.346666667
78.830476190
79.268571429
79.627936508
79.748571429
79.893333333
80.354285714
80.450793651
80.572698413
80.716190476
80.895238095
81.591111111
81.911111111
82.191746032
82.408888889
82.609523810
82.821587302
82.985396825
83.057777778
83.163174603
83.319365079
83.550476190
83.787936508
84.010158730
84.215873016
84.440634921
84.673015873
84.788571429
84.921904762
85.014603175
85.113650794
85.358730159
85.625396825
85.848888889
86.040634921
86.237460317
86.464761905
86.678095238
86.764444444
86.882539683
87.095873016
87.370158730
88.226031746
88.507936508
88.714920635
88.929523810
89.179682540
90.107936508
91.107301587
91.897142857
92.168888889
92.368253968
92.579047619
92.820317460
93.740952381
94.243809524
94.694603175
97.003174603
97.215238095
97.448888889
97.657142857
97.773968254
97.874285714
98.015238095
98.130793651
98.811428571
99.028571429
99.432380952
99.662222222
99.902222222
100.524444444
100.736507937
100.968888889
101.182222222
101.386666667
101.625396825
101.853968254
102.321269841
102.528253968
102.760634921
102.961269841
103.173333333
103.382857143
103.526349206
103.621587302
103.740952381
103.855238095
103.955555556
104.059682540
104.173968254
104.269206349
104.383492063
104.486349206
104.586666667
104.707301587
104.805079365
104.907936508
105.006984127
105.104761905
105.219047619
105.323174603
105.429841270
105.536507937
105.644444444
105.748571429
105.852698413
105.947936508
106.058412698
106.158730159
106.260317460
106.386031746
106.472380952
106.582857143
106.693333333
106.798730159
106.901587302
106.987936508
107.117460317
107.219047619
107.321904762
107.410793651
107.520000000
107.612698413
107.728253968
107.837460317
107.930158730
108.036825397
108.142222222
108.251428571
108.346666667
108.453333333
108.560000000
108.659047619
108.758095238
108.855873016
108.948571429
109.046349206
109.145396825
109.257142857
109.495873016
109.720634921
109.933968254
110.158730159
110.979047619
111.198730159
111.631746032
111.845079365
112.076190476
112.273015873
112.446984127
112.585396825
112.714920635
112.991746032
113.455238095
113.693968254
114.570158730
114.866031746
115.299047619
115.547936508
116.552380952
117.026031746
117.459047619
117.911111111
118.347936508
118.788571429
119.027301587
119.264761905
119.871746032
120.000000000
120.095238095
120.219682540
120.331428571
120.433015873
120.539682540
120.631111111
120.739047619
120.844444444
120.925714286
121.076825397
121.471746032
121.734603175
121.922539683
122.167619048
122.430476190
122.896507937
123.362539683
123.782857143
124.031746032
124.264126984
124.483809524
124.708571429
124.916825397
125.219047619
125.660952381
126.128253968
126.546031746
126.786031746
127.050158730
127.299047619
127.492063492
127.720634921
127.973333333
128.415238095
128.880000000
129.111111111
129.295238095
129.526349206
129.742222222
129.966984127
130.175238095
130.389841270
130.659047619
131.089523810
131.560634921
131.955555556
132.190476190
132.452063492
132.645079365
132.854603175
133.083174603
133.337142857
133.772698413
134.241269841
134.633650794
135.098412698
135.323174603
135.547936508
135.770158730
136.046984127
136.480000000
136.934603175
137.366349206
137.583492063
138.450793651
139.140317460
139.396825397
140.064761905
140.313650794
140.544761905
140.764444444
140.962539683
141.191111111
141.404444444
141.630476190
141.860317460
142.093968254
142.740317460
142.968888889
143.636825397
143.848888889
144.058412698
144.299682540
144.482539683
144.702222222
144.923174603
145.154285714
145.347301587
145.582222222
146.228571429
146.458412698
147.109841270
147.329523810
147.771428571
148.208253968
148.892698413
149.222857143
149.918730159
150.111746032
150.337777778
150.537142857
150.741587302
150.987936508
151.598730159
151.826031746
152.024126984
152.260317460
152.708571429
152.934603175
153.147936508
153.587301587
153.805714286
154.026666667
154.495238095
154.694603175
154.935873016
155.386666667
155.600000000
155.827301587
156.294603175
156.519365079
156.732698413
156.956190476
157.184761905
157.414603175
157.621587302
161.320634921
161.596190476
161.834920635
162.181587302
164.948571429
165.212698413
165.456507937
165.671111111
165.879365079
166.109206349
166.358095238
166.811428571
167.017142857
167.264761905
167.459047619
167.592380952
167.691428571
167.798095238
167.923809524
168.068571429
168.148571429
168.238730159
168.279365079
168.344126984
168.562539683
168.797460317
169.427301587
169.688888889
170.299682540
170.566349206
171.202539683
171.422222222
171.669841270
171.884444444
172.099047619
172.320000000
172.562539683
172.759365079
173.015873016
173.222857143
173.363809524
173.486984127
173.586031746
173.697777778
173.785396825
173.921269841
174.041904762
174.124444444
174.359365079
174.477460317
174.572698413
174.693333333
174.798730159
174.918095238
175.018412698
175.130158730
175.234285714
175.335873016
175.455238095
175.574603175
175.654603175
175.747301587
175.893333333
176.015238095
176.110476190
176.212063492
176.313650794
176.444444444
176.543492063
176.637460317
176.768253968
176.883809524
176.987936508
177.088253968
177.150476190
177.217777778
177.328253968
177.442539683
177.558095238
177.681269841
177.800634921
177.907301587
178.005079365
178.110476190
178.224761905
178.327619048
178.422857143
178.553650794
181.739682540
181.963174603
182.198095238
182.416507937
182.537142857
182.671746032
182.766984127
182.890158730
183.112380952
183.344761905
183.566984127
183.804444444
184.054603175
184.487619048
184.756825397
184.996825397
185.492063492
185.715555556
185.937777778
186.121904762
186.391111111
186.618412698
186.848253968
187.079365079
187.295238095
187.516190476
187.806984127
188.033015873
188.236190476
188.454603175
188.692063492
189.150476190
189.573333333
189.983492063
190.226031746
190.469841270
190.695873016
190.896507937
191.112380952
191.332063492
191.561904762
191.758730159
191.972063492
192.215873016
192.420317460
192.645079365
192.830476190
193.071746032
193.310476190
193.461587302
193.709206349
193.944126984
194.379682540
194.782222222
195.191111111
195.404444444
195.653333333
195.880634921
196.090158730
196.309841270
196.513015873
196.744126984
196.972698413
197.198730159
197.408253968
197.626666667
197.840000000
198.048253968
198.300952381
198.535873016
198.716190476
198.954920635
199.197460317
199.631746032
199.836190476
200.083809524
200.532063492
200.972698413
201.379047619
201.620317460
201.847619048
202.080000000
202.308571429
202.496507937
202.968888889
203.418412698
204.317460317
205.156825397
206.101587302
206.332698413
206.552380952
206.791111111
207.252063492
207.627936508
208.102857143
208.295873016
208.507936508
208.746666667
208.935873016
209.178412698
209.372698413
209.853968254
210.308571429
210.763174603
210.984126984
211.205079365
211.385396825
211.874285714
212.317460317
213.187301587
213.380317460
213.582222222
213.812063492
214.241269841
214.689523810
215.123809524
215.328253968
215.574603175
215.789206349
215.986031746
216.194285714
216.407619048
216.850793651
217.250793651
217.653333333
217.861587302
218.099047619
218.311111111
218.991746032
219.920000000
220.838095238
221.352380952
221.959365079
224.366984127
224.594285714
224.831746032
225.041269841
225.240634921
225.467936508
226.080000000
226.298412698
226.507936508
226.694603175
226.914285714
227.122539683
227.723174603
227.935238095
228.210793651
228.380952381
228.590476190
228.798730159
229.047619048
229.229206349
229.447619048
229.659682540
231.020952381
231.239365079
232.571428571
232.797460317
233.457777778
233.658412698
234.309841270
234.528253968
235.202539683
235.424761905
235.630476190
235.853968254
236.068571429
236.289523810
236.472380952
236.695873016
236.888888889
237.076825397
237.306666667
237.480634921
237.709206349
237.903492063
238.125714286
238.325079365
238.529523810
238.736507937
238.949841270
239.153015873
239.347301587
239.566984127
239.758730159
239.972063492
240.175238095
240.392380952
240.598095238
240.789841270
240.981587302
241.286349206
242.019047619
242.326349206
242.599365079
242.784761905
242.993015873
243.184761905
243.297959184
243.404444444
243.501133787
243.603628118
243.835827664
244.070748299
244.294784580
244.515192744
244.718367347
244.936054422
245.082086168
245.170068027
245.279818594
245.365079365
245.586394558
245.815873016
246.078004535
246.258503401
246.493424036
246.691156463
246.788208617
246.908843537
247.011337868
247.095691610
247.325170068
247.582766440
248.432653061
248.681179138
248.924263039
249.138321995
249.370521542
250.213151927
250.551473923
251.000453515
251.240816327
251.502040816
251.934693878
252.175056689
252.397278912
252.608616780
252.832653061
253.055782313
253.310657596
253.734240363
253.997278912
254.516099773
255.262585034