0.2
0.43
1.16
1.35
3.85
4.07
4.74
4.95
7.44
7.66
8.35
8.55
9.19
9.43
9.89
10.33
11.02
11.25
11.47
11.69
11.9
12.12
12.33
12.59
12.78
12.98
13.21
13.41
13.63
13.83
14.05
14.233832
14.49
14.69
14.9
15.12
15.32
15.53
15.74
15.96
16.13
16.39
16.6
16.81
17.020227
17.24
17.44
17.64
17.86
18.08
18.28
18.5
18.71
18.91
19.12
19.33
19.54
19.76
19.97
20.15
20.37
20.63
20.85
21.09
21.77
21.97
22.175057
22.44
23.52
23.72
23.939773
24.2
25.23
25.42585
26.11
26.284989
27.0
27.190567
27.88
28.1
28.31
28.63
29.26
29.51
29.7
29.9
30.61
30.81
30.95
31.033469
31.15
31.26
31.486259
31.71
31.99
32.2
32.84
33.1
33.323537
33.54
33.72
33.994014
34.66
34.84
37.8
38.01
38.7
38.88
39.56
39.76
40.45
40.71
41.37
41.6
41.9
42.23
