0.2
0.45
1.11
1.36
3.85
4.09
4.74
4.98
7.44
7.68
8.33
8.59
9.2
9.45
9.86
10.32
11.02
11.25
11.48
11.69
11.88
12.14
12.36
12.57
12.78
12.95
13.2
13.43
13.64
13.85
14.06
14.3
14.53
14.73
14.95
15.16
15.34
15.57
15.75
15.94
16.17
16.35
16.59
16.8
17.02
17.22
17.45
17.65
17.87
18.08
18.3
18.51
18.69
18.94
19.16
19.36
19.54
19.76
19.99
20.19
20.42
20.63
20.85
21.08
21.77
21.97
22.221497
22.51
23.51
23.7
23.910748
24.171973
25.25
25.51
26.11
26.279184
27.02
27.237007
27.94
28.107755
30.14
30.39
31.07
31.3
31.468844
31.75
34.19
34.43
35.08
35.300136
36.0
36.23
36.46
36.7
37.56
38.45
39.32
40.23
41.13
42.25
