0.21
0.46
0.650159
0.91
1.13
1.37
1.61
1.83
2.03
2.28
2.51
2.72
2.95
3.16
3.39
3.58
3.89
4.08
4.295692
4.53
4.72
4.97
5.22449
5.37
5.68
5.86
6.09
6.34
6.55
6.79
6.989206
7.21
7.49
7.66
7.94
8.12
8.3
8.57
8.78
9.01
9.195102
9.45
9.69
9.89
10.03
10.126803
10.222585
10.31
10.56
10.8
11.01
11.24
11.47
11.66
11.911837
12.15
12.37
12.56
12.77
12.95
13.2
13.4
13.62
13.85
14.05
14.28
14.49
14.74
14.92
15.13
15.33
15.56
15.77
15.96
16.18
16.4
16.62
16.81
17.02
17.214694
17.44
17.64
17.89
18.12
18.32
18.51
18.68
18.92
19.1
19.37
19.57
19.78
19.98
20.2
20.33
20.440816
20.54
20.64
20.86
21.09
21.31
21.6
22.273741
22.47
22.66
22.88
23.05
23.3
23.88898
24.15
24.350476
24.57
24.79
25.03
25.517279
25.71
25.9
26.38
26.57
26.8
27.26
27.47
27.71
28.17
28.83
29.03
29.29
29.46
29.71
29.94
32.44
32.67
32.79
32.9
33.0
33.1
33.35
33.532517
33.77
33.92
34.23
34.44
34.61
34.86
35.117279
35.33
35.56
35.81
36.47
36.67
36.89
37.12
37.34
37.59
38.24
38.48
38.896327
39.09
39.36
40.0
40.22
40.690068
40.92
41.14
41.94
42.19
44.133878
