0.19
0.42
1.13
1.37
2.03
2.28
2.507755
2.73
2.925714
3.17
3.41
3.62
3.86
4.08
4.76
4.99
5.63
5.851429
6.1
6.269388
6.56
6.79
7.0
7.21
7.46
7.68
8.35
8.57
9.2
9.46
9.89
10.33
11.06
11.26
11.47
11.69
11.9
12.11
12.33
12.54
12.76
12.98
13.19
13.41
13.56
13.82
14.05
14.26
14.49
14.65
14.9
15.12
15.32
15.53
15.76
15.97
16.15
16.37
16.61
16.83
17.03
17.24
17.44
17.66
17.86
18.08
18.29
18.52
18.7
18.92
19.11
19.35
19.56
19.78
19.99
20.21
20.42
20.66
20.87
21.07
21.34
21.56
22.221497
22.42
22.616236
22.87
23.07
23.26
23.939773
24.16
24.404172
24.59
24.8
25.04
25.5
25.69
25.92
26.35
26.57
26.82
27.245714
27.43
27.7
28.146939
29.27
29.5
29.68
29.97
30.6
30.83
30.922449
31.04
31.14449
31.27
31.52
31.75
32.43
32.68
32.79
32.89
32.986122
33.09
33.33
33.54
33.79
34.0
34.174694
34.39
34.64
34.87
35.1
35.382857
36.03
36.2
36.45
36.68898
36.891429
37.15
37.79
38.04
38.68
38.89
39.64
39.8
40.45
40.698776
41.38
41.62
41.96
42.28
