0.19
0.4
1.09
1.29
3.73
3.95
4.63
4.82
7.26
7.48
8.14
8.39
9.02
9.24
9.68
10.11
10.85
11.052698
11.25
11.424218
11.67
11.89
12.12
12.35
12.55
12.77
12.96
13.15
13.36
13.58
13.78
14.01
14.24
14.43
14.66
14.8
15.06
15.28
15.48
15.66
15.89
16.08
16.29
16.5
16.71
16.93
17.15
17.34
17.56
17.76
17.99
18.2
18.4
18.62
18.83
19.05
19.24
19.46
19.67
19.87
20.1
20.3
20.53
20.76
21.44
21.66
21.873197
22.12
23.18
23.42
23.614694
23.87
24.92
25.15
25.8
25.959909
26.65
26.865488
27.56
27.76
28.04
28.27
28.885624
29.16
29.35
29.58
30.27
30.45
30.58
30.65034
30.77
30.91
31.16
31.35
31.6
31.76
32.48
32.7
32.89
33.15
33.37
33.576054
34.26
34.458413
37.38
37.6
38.29
38.48
39.16
39.38
40.07
40.29
40.94
41.21
41.46
41.78
