0.17
0.42
1.07
1.31
3.69
3.95
4.63
4.89
7.28
7.53
8.16
8.41
9.03
9.27
9.71
10.14
10.79
11.04
11.25
11.47
11.7
11.9
12.12
12.28
12.52
12.77
12.97
13.18
13.38
13.61
13.82
14.03
14.26
14.45
14.65
14.87
15.09
15.28
15.51
15.67
15.91
16.09
16.35
16.51
16.73
16.9
17.14
17.345306
17.58
17.79
18.0
18.21
18.43
18.63
18.83
19.04
19.26
19.43
19.68
19.91
20.11
20.34
20.55
20.78
21.44
21.67
21.873197
22.18
23.2
23.4
23.64
23.87
24.94
25.2
25.78
26.03
26.69
26.935147
27.55
27.794286
29.77
30.04
30.69
30.94
31.15
31.37
33.84
34.05
34.66
34.9
35.56
35.8
36.02
36.25
37.15
38.09
38.99
39.83
40.78
41.81
