0.13
0.4
0.64
0.85
1.08
1.31
1.54
1.76
1.96
2.18
2.41
2.61
2.85
3.06
3.26
3.45
3.69
3.96
4.179592
4.39
4.62
4.8
5.02
5.24771
5.503129
5.72
5.97
6.18
6.37
6.63
6.8
7.04
7.31
7.5
7.743855
7.97
8.12
8.38
8.61
8.81
8.99
9.24
9.47
9.67
9.763991
9.903311
9.99
10.13
10.34
10.6
10.81
11.03
11.27
11.46
11.69
11.89
12.12
12.31
12.54
12.74
12.94
13.13
13.39
13.59
13.76
14.01
14.21
14.43
14.64
14.82
15.05
15.23
15.47
15.69
15.89
16.11
16.33
16.53
16.7
16.93
17.113107
17.31
17.54
17.76
17.98
18.2
18.36
18.6
18.83
19.04
19.22
19.45
19.65
19.87
20.0
20.085261
20.19
20.31
20.53
20.75
20.98
21.27
21.9
22.13
22.35
22.58
22.76
23.0
23.591474
23.84
24.021043
24.25
24.45
24.7
25.193651
25.36
25.56
26.03
26.21
26.47
26.888707
27.12
27.37
27.863946
28.5
28.72
28.93
29.13
29.37
29.628662
32.07
32.27
32.4
32.52
32.594286
32.71
32.95
33.12
33.35
33.59
33.81
34.03
34.22
34.46
34.71
34.92
35.07
35.38
36.03
36.24
36.49
36.71
36.92
37.17
37.83
38.07
38.517551
38.7
38.97
39.62
39.83
40.287347
40.46
40.71
41.55
41.83
43.36
