0.18
0.37
1.05
1.31
1.98
2.2
2.44
2.63
2.832834
3.07
3.27
3.5
3.74
3.94
4.61
4.83
5.51
5.781769
5.95
6.176508
6.4
6.61
6.83
7.03
7.21
7.49
8.15
8.38
9.04
9.26
9.69
10.12
10.84
11.06
11.26
11.47
11.69
11.9
12.13
12.34
12.53
12.74
12.97
13.16
13.37
13.61
13.8
14.02
14.22
14.39
14.65
14.85
15.03
15.25
15.47
15.7
15.89
16.09
16.32
16.52
16.73
16.94
17.14
17.39
17.58
17.77
17.99
18.2
18.4
18.62
18.83
19.06
19.26
19.5
19.68
19.9
20.12
20.34
20.55
20.76
20.95
21.22
21.826757
22.11
22.267937
22.54
22.75
22.96
23.614694
23.8
24.055873
24.28
24.49
24.71
25.19
25.36
25.56
26.0
26.21
26.46
26.888707
27.1
27.34
27.8
28.9
29.14
29.350023
29.62
30.22
30.47
30.57
30.68
30.773696
30.89
31.13
31.39
32.05
32.268481
32.37
32.48
32.58
32.68
32.94
33.15
33.36
33.58
33.79
34.0
34.24
34.46
34.66
34.92
35.59
35.78
36.03
36.18
36.477098
36.69
37.39
37.63
38.25
38.47
39.18
39.42
40.07
40.27
40.97
41.23
41.48
41.79
