1.393197
1.679819
1.919274
2.175057
2.44898
2.70839
3.417687
3.693424
3.921995
4.170522
4.420862
4.66576
5.302494
5.485714
5.639909
5.814059
6.013605
6.222222
6.419955
6.606803
6.770068
6.9678
7.136508
7.319728
7.482993
7.657143
7.840363
7.981859
8.148753
8.319274
8.462585
8.61678
8.760091
8.926984
9.101134
9.257143
9.395011
9.556463
9.701587
9.853968
9.991837
10.138776
10.2839
10.445351
10.57415
10.733787
10.868027
11.029478
11.165533
11.301587
11.439456
11.593651
11.724263
11.863946
11.985488
12.112472
12.263039
12.391837
12.527891
12.662132
12.785488
12.917914
13.05034
13.200907
13.335147
13.4839
13.607256
13.759637
13.875737
14.02449
14.138776
14.32381
14.809977
15.386848
15.882086
16.440816
16.928798
17.456689
17.997279
18.483447
18.993197
19.479365
19.965533
20.458957
20.939683
21.41678
21.912018
22.360091
22.848073
23.343311
23.809524
24.272109
31.448526
31.833107
32.208617
32.576871
33.004989
33.42585
33.861224
34.334694
34.488889
34.603175
34.726531
34.875283
35.011338
35.149206
35.265306
35.408617
35.55737
35.687982
35.804082
35.925624
36.050794
36.175964
36.295692
36.435374
36.578685
36.738322
36.85805
36.994104
37.124717
37.251701
37.364172
37.494785
37.641723
37.761451
37.890249
38.044444
38.185941
38.320181
38.430839
38.557823
38.702948
38.829932
38.976871
39.096599
39.239909
39.388662
39.542857
39.657143
39.795011
39.898413
40.06712
40.212245
40.341043
40.480726
40.62585
40.727438
40.872562
41.004989
41.144671
41.268027
41.396825
41.536508
41.650794
41.79229
41.941043
42.095238
42.214966
42.354649
42.478005
42.624943
42.753741
42.904308
43.022222
43.178231
43.308844
43.448526
43.57551
43.717007
43.858503
44.012698
44.152381
44.284807
44.409977
44.54966
44.694785
44.816327
44.952381
45.090249
45.661678
46.184127
46.762812
47.292517
47.896599
48.023583
48.163265
48.306576
48.435374
48.571429
48.740136
48.852608
48.995918
49.151927
49.306122
49.433107
49.594558
50.189569
50.802721
51.403175
52.023583
52.252154
52.350113
52.484354
52.614966
52.774603
52.926984
53.057596
53.177324
53.329705
53.47483
53.612698
53.739683
53.875737
54.060771
54.20771
54.360091
55.009524
55.608163
56.17415
56.816327
56.956009
57.146485
57.287982
57.443991
57.605442
57.777778
57.902948
58.031746
58.156916
58.338322
58.497959
58.595918
58.760998
58.907937
59.047619
59.201814
59.847619
60.136054
60.286621
60.428118
61.04127
61.151927
61.327891
61.476644
61.612698
61.763265
61.912018
62.049887
62.222222
62.360091
62.53424
62.663039
62.806349
62.955102
63.105669
63.234467
63.375964
63.526531
63.695238
63.824036
64.348299
65.014059
65.688889
66.389116
67.198186
67.931066
68.814512
69.73424
70.287528
