0.06966
14.286077
14.82449
15.381769
15.869388
16.439728
16.944762
17.45415
17.985306
18.477279
18.960544
19.478639
19.974966
20.466939
20.94585
21.437823
21.912381
22.36517
22.817959
23.340408
23.806259
24.298231
24.943311
25.084807
25.23356
25.353288
25.458503
25.814059
25.930159
26.020862
26.115193
26.213152
26.314739
26.619501
26.724717
26.808163
26.909751
26.985941
27.102041
27.461224
27.562812
27.64263
27.751474
27.849433
27.936508
28.081633
28.175964
28.273923
28.386395
28.487982
28.589569
28.680272
28.785488
28.890703
29.003175
29.119274
29.231746
29.326077
29.463946
29.576417
29.656236
29.750567
29.852154
29.950113
30.048073
30.131519
30.229478
30.356463
30.443537
30.545125
30.65034
30.751927
30.864399
30.969615
31.060317
31.180045
31.274376
31.346939
31.452154
31.542857
31.644444
31.720635
31.833107
31.938322
32.029025
32.1161
32.210431
32.330159
32.42449
32.511565
32.613152
33.048526
33.454875
33.904762
34.325624
34.89161
35.345125
35.885714
36.419048
36.93424
37.492971
38.019048
38.581406
39.096599
39.604535
40.156009
40.682086
41.240816
41.770522
42.311111
42.887982
43.435828
43.994558
44.575057
45.137415
45.268027
45.387755
45.521995
45.64898
45.776327
45.910204
46.050612
46.164898
46.321633
46.471837
46.605714
46.755918
46.899592
47.04
47.193469
47.353469
47.503673
47.621224
47.761633
47.898776
48.042449
48.173061
48.310204
48.486531
48.620408
48.715102
48.862041
48.989388
49.162449
49.299592
49.466122
49.6
50.174694
50.778776
51.382857
52.016327
54.308571
55.000816
55.582041
56.179592
56.806531
59.193469
59.807347
60.421224
61.01551
61.632653
62.217143
62.811429
63.399184
63.970612
64.653061
65.371429
66.057143
66.801633
67.572245
68.414694
69.266939
70.321633
