0.165442
1.097143
2.217506
3.195646
4.144762
5.024218
5.894966
6.588662
7.299773
7.958639
8.634921
9.21542
9.845261
10.431565
11.009161
11.546122
12.129524
12.657778
13.197642
13.740408
14.268662
23.798639
24.272109
24.731066
25.193651
25.605442
26.055329
26.483447
26.927891
27.317914
27.753288
28.157823
28.580499
28.988662
29.402268
29.795918
30.209524
30.597732
30.987755
31.365079
32.162177
32.587755
33.123265
33.254966
33.357279
33.47483
33.572789
33.693605
34.033197
34.174694
34.290068
34.401088
34.519728
34.639456
35.007347
35.135782
35.26966
35.401361
35.539592
35.648435
35.760544
35.871565
36.017415
36.151293
36.281905
36.425578
36.564898
36.703129
36.823946
36.953469
37.089524
37.220136
37.362721
37.497687
37.633741
37.773061
37.904762
38.029932
38.15619
38.267211
38.392381
38.54585
38.689524
38.815782
38.95619
39.103129
39.244626
39.387211
39.509116
39.649524
39.792109
39.915102
40.022857
40.169796
40.315646
40.451701
40.577959
40.733605
40.879456
41.016599
41.148299
41.276735
41.409524
41.564082
41.689252
41.827483
41.960272
42.103946
42.222585
42.347755
42.492517
42.641633
42.776599
42.906122
43.068299
43.201088
43.351293
43.47102
43.609252
43.742041
43.873741
44.016327
44.161088
44.300408
44.427755
44.567075
44.707483
44.847891
44.979592
45.131973
45.284354
45.412789
45.548844
45.678367
45.825306
45.964626
46.102857
46.236735
46.380408
46.516463
46.623129
46.761361
47.046531
47.168889
47.314286
47.457778
47.612063
47.741587
47.889524
48.018413
48.149206
48.20254
48.269206
48.451429
48.612063
48.747937
48.87746
49.029206
49.153651
49.295873
49.415873
49.590476
49.783492
49.926349
50.056508
50.165079
50.368889
50.532698
50.626667
50.784127
50.95746
51.113651
51.264127
51.371429
51.547937
51.709206
51.827302
52.007619
54.346667
54.542857
54.713016
54.822857
54.970159
55.123175
55.280635
55.393016
55.516825
55.730159
55.890159
56.027302
56.168254
56.342857
56.462857
56.584762
56.806984
59.247619
59.389206
59.559365
59.683175
60.39873
60.573333
60.739048
60.891429
61.617143
61.75746
61.937778
62.061587
62.850159
63.015238
63.188571
63.300317
64.003175
64.204444
64.367619
64.503492
64.675556
64.878095
65.012063
65.168889
65.333968
65.706667
65.913016
66.072381
66.276825
66.457143
66.610794
66.801905
67.005714
67.194286
67.340952
67.549841
67.799365
68.008254
68.170159
68.351746
68.568254
68.774603
68.937143
69.180317
69.487619
69.680635
69.952381
70.339683
