14.259592
14.982857
15.108571
15.227755
15.355102
15.475918
15.619592
16.053878
16.182857
16.298776
16.432653
16.555102
16.687347
17.102041
17.222857
17.342041
17.457959
17.585306
17.733878
18.120816
18.256327
18.362449
18.486531
18.612245
18.74449
18.866939
18.99102
19.126531
19.240816
19.36
19.480816
19.591837
19.720816
19.854694
19.982041
20.106122
20.218776
20.341224
20.466939
20.59102
20.697143
20.837551
20.951837
21.066122
21.183673
21.31102
21.426939
21.542857
21.688163
21.799184
21.908571
22.022857
22.146939
22.267755
22.403265
22.515918
22.644898
22.742857
22.871837
22.986122
23.108571
23.219592
23.364898
23.482449
23.6
23.722449
23.830204
23.924898
24.019592
24.150204
24.28898
24.791837
25.214694
25.693061
26.102857
26.491429
26.917551
27.340408
27.76
28.176327
28.592653
29.013878
29.389388
29.817143
30.213878
30.644898
31.046531
31.436735
32.210612
32.602449
33.033469
33.438367
33.905306
34.342857
34.484898
34.602449
34.734694
34.871837
34.98449
35.115102
35.244082
35.382857
35.528163
35.671837
35.771429
35.910204
36.039184
36.168163
36.284082
36.432653
36.56
36.702041
36.814694
36.973061
37.102041
37.240816
37.353469
37.505306
37.619592
37.777959
37.885714
38.011429
38.148571
38.290612
38.416327
38.556735
38.708571
38.842449
38.968163
39.113469
39.245714
39.386122
39.503673
39.665306
39.786122
39.929796
40.027755
40.169796
40.310204
40.437551
40.568163
40.693878
40.847347
40.979592
41.108571
41.24898
41.376327
41.510204
41.640816
41.795918
41.934694
42.075102
42.20898
42.342857
42.486531
42.610612
42.742857
42.875102
43.012245
43.165714
43.28
43.430204
43.560816
43.714286
43.838367
43.995102
44.120816
44.256327
44.382041
44.53551
44.667755
44.814694
44.930612
45.092245
45.239184
45.386122
45.518367
45.647347
45.804082
45.962449
46.076735
46.228571
46.357551
46.496327
46.643265
46.760816
46.897959
47.041633
47.16898
47.314286
47.462857
47.593469
47.719184
47.875918
48.013061
48.161633
48.274286
48.447347
48.58449
48.731429
48.857143
49.031837
49.159184
49.296327
49.41551
49.577143
50.213878
50.786939
51.389388
52.009796
52.194286
52.318367
52.447347
52.604082
52.762449
52.881633
53.010612
53.162449
53.340408
53.462857
53.603265
53.769796
53.911837
54.053878
54.194286
54.324898
54.946939
55.56898
56.194286
56.790204
57.020408
57.14449
57.296327
57.44
57.616327
57.715918
57.869388
58.019592
58.197551
58.306939
58.457143
58.612245
58.767347
58.891429
59.035102
59.209796
59.846531
60.0
60.138776
60.275918
60.427755
61.00898
61.157551
61.30449
61.436735
61.614694
61.738776
61.892245
62.040816
62.223673
62.370612
62.524082
62.667755
62.814694
62.963265
63.111837
63.240816
63.412245
63.585306
63.717551
63.861224
64.334694
64.997551
65.684898
66.404898
67.213061
67.947755
68.778776
69.689796
70.297143
