0.169796
0.411429
1.077551
1.312653
3.650612
3.898776
4.532245
4.793469
7.072653
7.327347
7.980408
8.235102
8.894694
9.136327
9.567347
10.03102
10.703673
10.945306
11.154286
11.350204
11.578776
11.800816
12.009796
12.218776
12.427755
12.669388
12.878367
13.087347
13.309388
13.524898
13.779592
14.014694
14.197551
14.419592
14.667755
14.889796
15.105306
15.307755
15.529796
15.719184
15.967347
16.195918
16.417959
16.620408
16.842449
17.038367
17.247347
17.482449
17.684898
17.893878
18.12898
18.311837
18.540408
18.76898
18.964898
19.186939
19.402449
19.637551
19.866122
20.035918
20.257959
20.486531
20.715102
20.976327
21.596735
21.890612
22.106122
22.347755
23.438367
23.719184
23.947755
24.169796
25.306122
25.593469
26.226939
26.468571
27.141224
27.422041
28.022857
28.303673
30.243265
30.497959
31.196735
31.425306
31.693061
31.902041
34.168163
34.44898
35.08898
35.369796
35.996735
36.231837
36.440816
36.721633
37.662041
38.654694
39.627755
40.613878
41.665306
42.938776
49.645714
49.887347
50.083265
50.285714
50.494694
50.736327
50.99102
51.428571
51.683265
52.349388
52.597551
53.217959
53.479184
54.19102
54.439184
55.066122
55.320816
55.78449
56.267755
56.894694
57.012245
57.090612
57.208163
57.358367
57.475918
57.569524
57.678367
57.761088
57.861224
57.974422
58.083265
58.179048
58.292245
58.41415
58.522993
58.644898
58.762449
58.862585
58.962721
59.093333
59.202177
59.302313
59.41551
59.498231
59.58966
59.69415
59.807347
59.898776
59.990204
60.116463
60.247075
60.36898
60.482177
60.577959
60.678095
60.782585
60.878367
60.978503
61.104762
61.204898
61.322449
61.413878
61.535782
61.635918
61.740408
61.840544
61.971156
62.066939
62.188844
62.275918
62.384762
63.081361
63.351293
64.309116
65.249524
67.047619
67.722449
67.970612
68.197007
68.414694
68.628027
68.858776
68.967619
69.076463
69.194014
69.276735
69.376871
69.511837
69.62068
69.733878
69.847075
69.973333
70.090884
70.204082
70.321633
70.430476
70.552381
70.635102
70.765714
70.857143
70.965986
71.087891
71.201088
71.322993
71.418776
71.50585
74.139864
74.261769
74.392381
74.505578
74.605714
74.718912
74.840816
74.962721
75.08898
75.197823
75.297959
75.406803
75.506939
75.602721
75.720272
75.837823
75.946667
76.059864
76.155646
76.242721
76.355918
76.477823
76.586667
76.686803
76.8
79.651701
79.878095
80.100136
80.357007
80.81415
81.205986
81.667483
82.124626
82.372789
82.590476
82.834286
83.169524
88.333061
92.003265
92.273197
92.73034
92.987211
94.68517
94.96381
95.425306
95.673469
96.130612
96.622585
97.323537
97.571701
97.785034
98.007075
98.211701
98.451156
98.681905
99.104218
99.352381
99.587483
99.813878
100.01415
100.23619
100.488707
100.915374
101.150476
101.72517
101.873197
101.977687
102.082177
102.177959
102.286803
102.395646
102.491429
102.600272
102.700408
102.822313
102.922449
103.048707
103.135782
103.24898
103.366531
103.466667
103.592925
103.706122
103.814966
103.92381
104.050068
104.154558
104.245986
104.346122
104.454966
104.576871
104.677007
104.790204
104.881633
104.99483
105.108027
105.212517
105.325714
105.430204
105.547755
106.270476
106.514286
106.762449
110.167075
111.094422
112.030476
112.748844
112.997007
113.236463
113.45415
113.680544
113.902585
114.142041
115.557007
116.022857
116.466939
116.924082
117.342041
117.807891
118.247619
118.700408
119.114014
119.549388
120.07619
122.296599
122.392381
122.488163
122.623129
122.723265
122.832109
122.919184
123.023673
123.12381
123.232653
123.324082
123.428571
123.62449
123.881361
124.120816
124.325442
124.551837
124.782585
125.022041
125.261497
125.487891
125.696871
125.923265
126.140952
126.406531
126.611156
126.841905
127.063946
127.303401
127.529796
127.769252
127.991293
128.217687
128.417959
128.64
128.901224
134.378231
136.964354
137.264762
139.981497
140.743401
141.004626
141.714286
142.01034
144.309116
144.557279
145.184218
145.467211
147.765986
148.018503
148.693333
148.928435
149.58585
149.820952
150.278095
150.739592
151.797551
152.028299
152.259048
152.507211
153.573878
153.795918
153.983129
154.287891
155.014966
155.267483
155.937959
156.181769
156.826122
157.078639
157.68381
157.97551
158.654694
158.907211
159.60381
159.869388
160.896871
161.179864
161.85034
162.107211
162.808163
163.038912
163.678912
163.94449
164.649796
164.958912
165.320272
165.908027
173.013333
173.239728
173.435646
173.662041
173.862313
174.093061
174.328163
174.750476
174.998639
175.608163
175.851973
176.06966
176.287347
176.50068
176.74449
176.944762
177.149388
177.371429
177.615238
177.876463
178.05932
178.285714
178.533878
178.742857
178.969252
179.178231
179.404626
179.657143
179.853061
180.075102
180.301497
180.523537
180.728163
180.937143
181.150476
181.402993
181.598912
181.825306
182.042993
182.273741
182.478367
182.682993
182.948571
183.523265
183.640816
183.745306
183.858503
183.954286
184.071837
184.18068
184.311293
184.38966
184.498503
184.581224
184.677007
184.811973
184.92517
185.012245
185.125442
185.212517
185.330068
185.438912
185.547755
185.660952
185.769796
185.882993
185.987483
186.096327
186.187755
186.300952
186.418503
186.509932
186.597007
186.684082
186.814694
186.927891
187.05415
187.145578
187.250068
187.34585
187.454694
187.541769
187.654966
187.768163
187.877007
187.98585
188.094694
188.216599
188.316735
188.416871
188.530068
188.630204
188.734694
188.830476
188.934966
189.601088
189.862313
190.075646
190.306395
190.524082
190.75483
190.96381
191.194558
191.447075
191.686531
191.786667
191.904218
192.013061
192.121905
192.213333
192.330884
192.422313
192.53551
192.648707
192.761905
192.866395
192.962177
193.075374
193.192925
193.297415
193.401905
193.506395
193.632653
193.715374
193.832925
193.941769
194.028844
194.142041
194.263946
196.94585
197.059048
197.176599
197.29415
197.411701
197.507483
197.607619
197.712109
197.855782
197.951565
198.047347
198.173605
198.265034
198.373878
198.482721
198.600272
198.704762
198.809252
198.931156
199.031293
199.131429
199.266395
199.379592
199.475374
199.592925
205.709932
205.962449
207.190204
207.647347
208.113197
208.565986
209.023129
209.358367
215.353469
217.142857
217.408435
217.63483
217.830748
218.061497
218.531701
219.032381
219.419864
219.894422
220.203537
220.408163
220.617143
220.856599
221.322449
221.775238
222.188844
222.680816
222.92898
223.172789
223.381769
224.335238
225.293061
226.194286
226.742857
227.417687
236.451701
236.691156
236.961088
237.200544
237.365986
237.601088
238.249796
238.480544
238.737415
238.955102
239.155374
239.403537
240.047891
240.304762
240.866395
241.214694
241.906939
242.137687
242.364082
242.568707
242.786395
243.012789
243.221769
243.435102
243.652789
243.900952
244.101224
244.323265
244.523537
244.736871
244.985034
245.207075
245.424762
245.646803
245.877551
246.108299
246.321633
246.521905
246.770068
246.974694
247.192381
247.427483
247.64517
247.880272
248.106667
248.433197
255.564626
257.388844
257.606531
258.089796
258.298776
260.053333
260.310204
260.754286
261.011156
261.472653
262.012517
