0.168345
0.412154
1.085533
1.358367
3.651338
3.871927
4.493061
4.742676
7.029841
7.285261
7.941224
8.196644
8.840998
9.073197
9.502766
9.955556
10.657959
10.872744
11.110748
11.319728
11.517098
11.743492
11.969887
12.196281
12.405261
12.63746
12.86966
13.078639
13.293424
13.554649
13.763628
14.053878
14.268662
14.466032
14.692426
14.895601
15.075556
15.34839
15.563175
15.766349
15.986939
16.213333
16.439728
16.660317
16.857687
17.072472
17.316281
17.525261
17.763265
17.960635
18.204444
18.419229
18.622404
18.837188
19.046168
19.284172
19.498957
19.707937
19.899501
20.143311
20.381315
20.5961
20.822494
21.112744
21.791927
22.035737
22.279546
22.505941
23.614694
23.835283
24.055873
24.311293
25.431655
25.687075
26.343039
26.592653
27.271837
27.521451
28.247075
28.485079
30.435556
30.714195
31.393379
31.631383
31.892608
32.084172
34.406168
34.644172
35.329161
35.59619
36.228934
36.472744
36.704943
36.977778
37.941406
38.852789
39.897687
40.884535
41.865578
43.043991
49.690703
49.911293
50.137687
50.346667
50.555646
50.793651
51.031655
51.44381
51.681814
52.326168
52.575782
53.249161
53.481361
54.160544
54.410159
55.095147
55.304127
55.780136
56.25034
56.836644
56.970159
57.068844
57.171882
57.269841
57.34966
57.443991
57.556463
57.65805
57.759637
57.861224
57.962812
58.071655
58.165986
58.267574
58.376417
58.492517
58.601361
58.721088
58.819048
58.917007
59.043991
59.152834
59.261678
59.37415
59.479365
59.599093
59.697052
59.805896
59.925624
60.030839
60.128798
60.237642
60.364626
60.458957
60.560544
60.658503
60.760091
60.865306
60.977778
61.086621
61.195465
61.307937
61.402268
61.507483
61.612698
61.721542
61.823129
61.939229
62.066213
62.175057
62.2839
63.002268
63.26712
64.15093
65.073923
66.856054
67.570068
67.796463
68.034467
68.266667
68.481451
68.742676
68.858776
68.967619
69.098231
69.207075
69.337687
69.450884
69.55102
69.629388
69.751293
69.860136
69.977687
70.082177
70.182313
70.291156
70.404354
70.500136
70.600272
70.713469
70.839728
70.952925
71.061769
71.166259
71.262041
71.375238
74.03102
74.157279
74.292245
74.396735
74.492517
74.614422
74.727619
74.814694
74.932245
75.023673
75.128163
75.271837
75.389388
75.52
75.602721
75.702857
75.837823
75.95102
76.046803
76.164354
76.255782
76.351565
76.473469
76.599728
76.717279
79.512381
79.764898
79.960816
80.182857
80.661769
81.057959
81.484626
81.959184
82.220408
82.451156
82.668844
82.973605
87.488435
91.781224
92.033741
92.508299
92.725986
94.249796
94.480544
94.994286
95.229388
95.717007
96.178503
96.901224
97.149388
97.380136
97.628299
97.841633
98.072381
98.329252
98.747211
98.995374
99.230476
99.456871
99.670204
99.914014
100.166531
100.597551
100.841361
101.433469
101.546667
101.659864
101.764354
101.873197
101.995102
102.103946
102.221497
102.343401
102.447891
102.578503
102.674286
102.774422
102.86585
102.948571
103.061769
103.153197
103.28381
103.405714
103.492789
103.605986
103.732245
103.828027
103.945578
104.063129
104.171973
104.276463
104.372245
104.485442
104.594286
104.690068
104.803265
104.903401
105.016599
105.13415
105.256054
105.939592
106.187755
106.501224
109.814422
110.750476
111.664762
112.378776
112.626939
112.866395
113.088435
113.293061
113.510748
113.802449
115.317551
115.822585
116.210068
116.72381
117.146122
117.598912
118.042993
118.50449
118.909388
119.353469
119.828027
121.978776
122.096327
122.192109
122.287891
122.396735
122.501224
122.601361
122.718912
122.827755
122.936599
123.041088
123.141224
123.402449
123.646259
123.881361
124.112109
124.342857
124.569252
124.830476
125.022041
125.257143
125.483537
125.722993
125.962449
126.214966
126.397823
126.637279
126.854966
127.107483
127.299048
127.521088
127.75619
128.004354
128.204626
128.452789
128.700952
133.790476
136.176327
136.433197
138.975782
139.720272
139.994558
140.69551
140.965442
143.233741
143.503673
144.121905
144.378776
146.638367
146.903946
147.561361
147.80517
148.436463
148.702041
149.137415
149.559728
150.591565
150.86585
151.118367
151.366531
152.38966
152.646531
152.938231
153.13415
153.804626
154.06585
154.70585
154.954014
155.580952
155.820408
156.486531
156.739048
157.387755
157.64898
158.336871
158.58068
159.573333
159.82585
160.50068
160.753197
161.406259
161.671837
162.364082
162.638367
163.395918
163.652789
164.01415
164.632381
171.219592
171.445986
171.689796
171.881361
172.112109
172.342857
172.569252
173.004626
173.213605
173.844898
174.106122
174.345578
174.554558
174.794014
174.998639
175.22068
175.434014
175.629932
175.891156
176.130612
176.357007
176.57034
176.770612
177.001361
177.24517
177.458503
177.680544
177.946122
178.12898
178.355374
178.59483
178.821224
179.043265
179.252245
179.482993
179.718095
179.940136
180.144762
180.379864
180.606259
180.823946
181.045986
181.29415
181.916735
182.038639
182.134422
182.251973
182.360816
182.456599
182.561088
182.674286
182.757007
182.857143
182.965986
183.066122
183.17932
183.309932
183.405714
183.514558
183.605986
183.740952
183.845442
183.949932
184.058776
184.18068
184.28517
184.394014
184.502857
184.581224
184.672653
184.794558
184.885986
185.012245
185.108027
185.20381
185.299592
185.404082
185.525986
185.639184
185.752381
185.852517
185.952653
186.078912
186.183401
186.270476
186.405442
186.518639
186.623129
186.731973
186.832109
186.936599
187.032381
187.12381
187.237007
187.350204
188.077279
188.281905
188.530068
188.760816
188.995918
189.204898
189.444354
189.640272
189.866667
190.127891
190.241088
190.354286
190.471837
190.598095
190.693878
190.802721
190.920272
191.029116
191.133605
191.264218
191.373061
191.481905
191.586395
191.703946
191.82585
191.93034
192.03483
192.13932
192.261224
192.361361
192.474558
192.583401
192.67483
192.809796
195.482993
195.59619
195.722449
195.835646
195.94449
196.027211
196.122993
196.227483
196.353741
196.458231
196.588844
196.697687
196.810884
196.915374
197.002449
197.111293
197.220136
197.342041
197.437823
197.537959
197.65551
197.768707
197.873197
197.964626
198.103946
203.990204
204.26449
205.557551
206.01034
206.441361
206.920272
207.351293
207.738776
207.982585
214.665578
214.905034
215.140136
215.340408
215.549388
216.023946
216.498503
216.933878
217.35619
217.595646
217.865578
218.109388
218.34449
218.74068
219.293605
219.755102
220.216599
220.482177
220.712925
220.943673
221.862313
222.815782
223.79102
224.304762
225.062313
233.965714
234.226939
234.48381
234.718912
234.897415
235.154286
235.772517
235.994558
236.273197
236.477823
236.69551
236.926259
237.57932
237.831837
238.497959
238.75483
239.490612
239.703946
239.939048
240.13932
240.352653
240.579048
240.783673
240.997007
241.223401
241.445442
241.689252
241.898231
242.107211
242.31619
242.529524
242.790748
242.999728
243.186939
243.404626
243.617959
243.853061
244.075102
244.301497
244.497415
244.719456
244.94585
245.176599
245.437823
245.633741
245.881905
251.08898
254.715646
254.994286
255.420952
255.656054
257.34966
257.610884
258.054966
258.281361
258.799456
259.382857
