0.168345
0.429569
1.068118
1.329342
3.761633
3.999637
4.632381
4.905215
7.273651
7.523265
8.156009
8.411429
9.044172
9.293787
9.752381
10.22839
10.919184
11.162993
11.371973
11.598367
11.789932
11.998912
12.254331
12.486531
12.70712
12.921905
13.130884
13.339864
13.572063
13.769433
14.013243
14.228027
14.425397
14.698231
14.883991
15.098776
15.33678
15.54576
15.760544
15.975329
16.184308
16.399093
16.637098
16.846077
17.043447
17.264036
17.473016
17.71102
17.93161
18.14059
18.366984
18.575964
18.790748
19.022948
19.226122
19.423492
19.632472
19.858866
20.073651
20.300045
20.50322
20.718005
20.956009
21.205624
21.844172
22.082177
22.285351
22.534966
23.649524
23.893333
24.160363
24.357732
25.431655
25.687075
26.337234
26.610068
27.242812
27.527256
28.189025
28.409615
30.412336
30.690975
31.352744
31.596553
31.886803
32.049342
34.528073
34.789297
35.439456
35.718095
36.397279
36.617868
36.855873
37.111293
38.040091
39.044354
40.013787
41.047075
42.086168
43.34585
50.230567
50.480181
50.700771
50.903946
51.14195
51.35093
51.583129
51.780499
52.006893
52.256508
52.918277
53.162086
53.82966
54.079274
54.758458
54.996463
55.693061
55.925261
56.383855
56.865669
57.469388
57.585488
57.689977
57.800272
57.904762
57.986032
58.102132
58.200816
58.276281
58.347392
58.434467
58.536054
58.655782
58.779138
58.855329
58.942404
59.058503
59.196372
59.305215
59.399546
59.519274
59.599093
59.711565
59.856689
59.936508
60.030839
60.143311
60.25941
60.353741
60.448073
60.575057
60.694785
60.792744
60.901587
61.017687
61.112018
61.220862
61.307937
61.391383
61.511111
61.634467
61.754195
61.855782
61.979138
62.106122
62.196825
62.291156
62.389116
62.501587
62.624943
62.748299
62.835374
62.944218
63.640816
63.92381
64.801814
65.690703
67.486621
68.172336
68.41542
68.643991
68.890703
69.122902
69.365986
69.482086
69.580045
69.696145
69.794104
69.906576
70.01542
70.084354
70.196825
70.298413
70.392744
70.505215
70.639456
70.701134
70.806349
70.904308
70.995011
71.067574
71.161905
71.238095
71.346939
71.448526
71.571882
71.680726
71.793197
71.894785
72.007256
74.630385
74.724717
74.837188
74.931519
75.080272
75.189116
75.319728
75.428571
75.559184
75.649887
75.765986
75.871202
75.987302
76.081633
76.194104
76.310204
76.422676
76.502494
76.636735
76.760091
76.865306
76.977778
77.090249
77.188209
77.329705
80.141497
80.315646
80.576871
80.801814
81.273469
81.723356
82.187755
82.65941
82.917007
83.163719
83.39229
83.722449
86.965986
91.479365
93.05034
93.453061
93.743311
94.022676
94.175057
95.738776
96.0
96.206803
96.460771
96.714739
97.168254
97.679819
98.452608
98.65941
98.895238
99.120181
99.345125
99.570068
99.820408
100.252154
100.462585
100.72381
100.923356
101.155556
101.369615
101.627211
102.095238
102.338322
102.904308
103.024036
103.13288
103.245351
103.328798
103.44127
103.55737
103.651701
103.756916
103.8839
104.0
104.101587
104.206803
104.290249
104.417234
104.562358
104.645805
104.740136
104.874376
104.994104
105.088435
105.197279
105.302494
105.418594
105.527438
105.629025
105.752381
105.864853
105.995465
106.089796
106.202268
106.311111
106.427211
106.546939
106.655782
106.764626
106.924263
107.482993
107.751474
108.027211
111.473923
112.457143
113.404082
114.118821
114.343764
114.572336
114.808163
115.029478
115.25805
115.50839
116.912472
117.413152
117.823129
118.280272
118.737415
119.194558
119.626304
120.108844
120.536961
121.019501
121.491156
123.773243
123.900227
124.034467
124.12517
124.201361
124.31746
124.382766
124.469841
124.578685
124.698413
124.785488
124.87619
125.003175
125.257143
125.489342
125.736054
125.91746
126.20771
126.378231
126.639456
126.84263
127.085714
127.314286
127.524717
127.782313
128.007256
128.2322
128.453515
128.656689
128.907029
129.121088
129.338776
129.563719
129.777778
129.988209
130.234921
130.481633
135.724263
138.180499
138.445351
140.985034
141.692517
141.968254
142.628571
142.88254
145.186395
145.440363
146.049887
146.321995
148.72381
148.945125
149.540136
149.844898
150.490703
150.726531
151.136508
151.608163
152.656689
152.885261
153.146485
153.364172
154.35102
154.626757
154.822676
155.087528
155.765986
156.00907
156.636735
156.861678
157.511111
157.754195
158.389116
158.617687
159.285261
159.560998
160.253968
160.504308
161.487528
161.748753
162.44898
162.713832
163.417687
163.678912
164.335601
164.636735
165.35873
165.678005
166.019048
166.606803
173.307937
173.540136
173.779592
173.971882
174.164172
174.421769
174.661224
175.089342
175.332426
176.003628
176.243084
176.718367
176.946939
177.186395
177.375057
177.629025
177.85034
178.071655
178.329252
178.52517
178.750113
178.978685
179.207256
179.428571
179.68254
179.892971
180.12517
180.324717
180.54966
180.778231
180.985034
181.24263
181.445805
181.641723
181.910204
182.113379
182.327438
182.552381
182.76644
182.998639
183.219955
183.470295
184.039909
184.177778
184.253968
184.359184
184.457143
184.595011
184.700227
184.819955
184.899773
185.001361
185.095692
185.200907
185.309751
185.418594
185.509297
185.581859
185.661678
185.756009
185.872109
185.96644
186.078912
186.176871
186.321995
186.423583
186.528798
186.637642
186.742857
186.848073
186.956916
187.054875
187.160091
187.25805
187.366893
187.486621
187.58458
187.671655
187.755102
187.871202
187.987302
188.121542
188.237642
188.324717
188.419048
188.49161
188.622222
188.749206
188.843537
188.948753
189.05034
189.173696
189.271655
189.369615
189.482086
190.204082
190.392744
190.682993
190.878912
191.140136
191.332426
191.582766
191.818594
192.054422
192.282993
192.406349
192.518821
192.624036
192.73288
192.830839
192.932426
193.044898
193.15737
193.287982
193.40771
193.505669
193.607256
193.73424
193.843084
193.941043
194.068027
194.173243
194.289342
194.398186
194.517914
194.64127
194.735601
194.837188
194.9678
197.598186
197.732426
197.852154
197.97551
198.062585
198.211338
198.302041
198.421769
198.519728
198.646712
198.737415
198.84263
198.955102
199.07483
199.176417
199.288889
199.412245
199.510204
199.622676
199.724263
199.843991
199.949206
200.047166
200.141497
200.297506
206.407256
206.657596
207.86576
208.282993
208.721995
209.171882
209.607256
210.017234
215.775057
217.309751
217.570975
217.821315
218.028118
218.260317
218.71746
219.134694
219.649887
220.092517
220.353741
220.517007
220.810884
221.028571
221.500227
222.01542
222.497959
222.951474
223.216327
223.426757
223.702494
224.609524
225.556463
226.488889
227.033107
227.704308
237.18458
237.424036
237.703401
237.939229
238.135147
238.381859
239.038549
239.303401
239.51746
239.760544
239.981859
240.239456
240.892517
241.17551
241.897506
242.144218
242.858957
243.054875
243.261678
243.490249
243.697052
243.95102
244.190476
244.397279
244.604082
244.821769
245.064853
245.286168
245.492971
245.696145
245.939229
246.153288
246.374603
246.57415
246.802721
247.01678
247.238095
247.45941
247.684354
247.8839
248.101587
248.304762
248.547846
248.736508
248.98322
249.255329
252.419048
257.618141
257.937415
258.329252
258.568707
260.194104
260.477098
260.908844
261.137415
261.594558
262.193197
