0.181406
0.435374
1.095692
1.313379
3.628118
3.845805
4.527891
4.738322
7.053061
7.292517
7.92381
8.185034
8.823583
9.048526
9.491156
9.948299
10.644898
10.88
11.093333
11.31102
11.533061
11.755102
11.964082
12.203537
12.390748
12.634558
12.830476
13.061224
13.278912
13.505306
13.731701
13.945034
14.188844
14.393469
14.606803
14.82449
15.072653
15.25551
15.508027
15.721361
15.908571
16.121905
16.304762
16.531156
16.774966
16.975238
17.205986
17.428027
17.641361
17.85034
18.09415
18.285714
18.503401
18.716735
18.921361
19.134694
19.330612
19.535238
19.73551
19.966259
20.218776
20.427755
20.645442
20.906667
21.524898
21.790476
22.00381
22.256327
23.305578
23.531973
23.780136
23.993469
25.051429
25.282177
25.961361
26.183401
26.849524
27.097687
27.76381
28.007619
29.97551
30.223673
30.959456
31.194558
31.403537
31.595102
33.92
34.189932
34.838639
35.121633
35.731156
35.953197
36.175238
36.41034
37.389932
38.369524
39.366531
40.315646
41.382313
42.592653
49.171156
49.423673
49.641361
49.841633
50.050612
50.277007
50.512109
50.930068
51.16517
51.822585
52.08381
52.767347
52.989388
53.681633
53.925442
54.604626
54.852789
55.292517
55.793197
56.38966
56.507211
56.620408
56.723447
56.845351
56.938231
57.028209
57.132698
57.234286
57.34458
57.446168
57.544853
57.652245
57.76254
57.878639
57.980227
58.090522
58.203719
58.308209
58.415601
58.543311
58.650703
58.746485
58.85678
58.952562
59.059955
59.158639
59.248617
59.356009
59.460499
59.576599
59.666576
59.782676
59.890068
60.003265
60.107755
60.209342
60.313832
60.41542
60.528617
60.630204
60.708571
60.821769
60.940771
61.051066
61.167166
61.271655
61.38195
61.489342
61.588027
61.686712
61.802812
62.525533
62.77805
63.657506
64.586304
66.391655
67.065034
67.320454
67.541043
67.755828
67.993832
68.197007
68.302222
68.429206
68.540952
68.673016
68.789841
68.891429
68.977778
69.12
69.262222
69.373968
69.455238
69.577143
69.693968
69.790476
69.912381
70.013968
70.125714
70.24254
70.354286
70.466032
70.587937
70.689524
70.79619
70.902857
73.554286
73.691429
73.818413
73.950476
74.041905
74.153651
74.260317
74.372063
74.48381
74.600635
74.712381
74.819048
74.905397
75.012063
75.108571
75.210159
75.321905
75.43873
75.550476
75.652063
75.733333
75.855238
75.956825
76.073651
76.165079
79.111111
79.36
79.59873
79.827302
80.314921
80.72127
81.20381
81.620317
81.894603
82.133333
82.346667
82.712381
86.943492
91.713016
91.97424
92.427029
92.670839
94.348481
94.656145
95.120544
95.306304
95.747483
96.217687
96.931701
97.17551
97.40771
97.692154
97.848889
98.063673
98.272653
98.702222
98.911202
99.137596
99.375601
99.601995
99.822585
100.066395
100.507574
100.768798
101.279637
101.355102
101.477007
101.575692
101.697596
101.795918
101.890612
101.988571
102.096327
102.181224
102.298776
102.4
102.494694
102.622041
102.723265
102.82449
102.92898
103.033469
103.15102
103.24898
103.366531
103.474286
103.582041
103.702857
103.800816
103.908571
104.013061
104.117551
104.231837
104.352653
104.447347
104.532245
104.630204
104.734694
104.858776
104.976327
105.080816
105.789388
106.050612
106.328163
109.727347
110.697143
111.595102
112.32
112.561633
112.770612
112.989388
113.227755
113.459592
113.694694
115.157551
115.379592
115.63102
116.039184
116.499592
116.96
117.407347
117.851429
118.328163
118.749388
119.206531
119.683265
121.972245
122.096327
122.213878
122.318367
122.406531
122.494694
122.60898
122.723265
122.821224
122.919184
123.013878
123.121633
123.399184
123.601633
123.836735
124.052608
124.279002
124.499592
124.731791
124.958186
125.225215
125.410975
125.63737
125.852154
126.090159
126.310748
126.496508
126.699683
126.937687
127.193107
127.442721
127.663311
127.878095
128.09288
128.278639
128.481814
133.845624
136.353379
136.620408
139.116553
139.877007
140.149841
140.83483
141.148299
143.40644
143.644444
144.312018
144.544218
146.935873
147.173878
147.824036
148.091066
148.72381
148.979229
149.443628
149.908027
150.95873
151.231565
151.434739
151.655329
152.804717
153.065941
153.327166
153.55356
154.238549
154.488163
155.126712
155.370522
156.061315
156.281905
156.943673
157.187483
157.843447
158.064036
158.81288
159.050884
160.031927
160.298957
160.978141
161.23356
161.953379
162.208798
162.853152
163.155011
163.892245
164.165079
164.478549
165.047438
171.943764
172.187574
172.402358
172.617143
172.843537
173.052517
173.296327
173.714286
173.946485
174.573424
174.828844
175.078458
175.293243
175.502222
175.705397
175.931791
176.152381
176.378776
176.65161
176.88381
177.075374
177.290159
177.487528
177.731338
177.951927
178.166712
178.364082
178.596281
178.811066
179.03746
179.263855
179.484444
179.716644
179.931429
180.163628
180.401633
180.604807
180.819592
181.028571
181.243356
181.469751
181.67873
181.928345
182.503039
182.595918
182.712018
182.816508
182.915193
183.025488
183.129977
183.269297
183.367982
183.460862
183.547937
183.658231
183.768526
183.867211
183.977506
184.07619
184.186485
184.302585
184.418685
184.52898
184.633469
184.737959
184.848254
184.964354
185.080454
185.196553
185.283628
185.405533
185.486803
185.573878
185.695782
185.777052
185.904762
186.020862
186.113741
186.189206
186.293696
186.433016
186.572336
186.65941
186.7639
186.83356
186.94966
187.059955
187.158639
187.274739
187.367619
187.477914
187.588209
187.692698
187.779773
187.907483
188.551837
188.824671
189.056871
189.283265
189.50966
189.718639
189.950839
190.194649
190.432653
190.641633
190.757732
190.885442
191.007347
191.100227
191.233741
191.326621
191.419501
191.535601
191.645896
191.773605
191.889705
191.994195
192.098685
192.20898
192.307664
192.412154
192.528254
192.638549
192.748844
192.864943
192.975238
193.079728
193.201633
193.329342
195.959002
196.063492
196.179592
196.313107
196.423401
196.527891
196.632381
196.754286
196.858776
196.98068
197.09678
197.195465
197.276735
197.398639
197.508934
197.613424
197.723719
197.828209
197.921088
198.048798
198.159093
198.257778
198.391293
198.507392
198.617687
198.762812
204.666485
204.92771
206.129342
206.547302
206.988481
207.447075
207.853424
208.271383
214.488526
215.539229
215.713379
215.992018
216.206803
216.415782
216.845351
217.321361
217.73932
218.174694
218.412698
218.679728
218.911927
219.144127
219.573696
220.130975
220.537324
221.013333
221.262948
221.547392
221.762177
222.67356
223.660408
224.618231
225.158095
225.877914
234.805986
235.055601
235.328435
235.58966
235.758005
235.996009
236.640363
236.872562
237.098957
237.307937
237.545941
237.766531
238.451519
238.706939
239.339683
239.589297
240.274286
240.506485
240.72127
240.936054
241.168254
241.394649
241.603628
241.806803
242.027392
242.236372
242.451156
242.700771
242.892336
243.09551
243.33932
243.548299
243.763084
243.989478
244.204263
244.424853
244.639637
244.854422
245.069206
245.283991
245.510385
245.730975
245.95737
246.206984
246.392744
246.659773
251.083175
255.117642
255.361451
255.81424
256.03483
257.596372
257.869206
258.31619
258.496145
259.030204
259.564263
