0.168345
0.429569
1.09424
1.340952
3.660045
3.89805
4.551111
4.803628
7.096599
7.352018
8.007982
8.263401
8.916463
9.154467
9.607256
10.051338
10.724717
10.983039
11.189116
11.395193
11.61288
11.856689
12.074376
12.283356
12.506848
12.704218
12.945125
13.133787
13.395011
13.612698
13.844898
14.077098
14.297687
14.500862
14.715646
14.933333
15.121995
15.38322
15.600907
15.821497
16.036281
16.242358
16.480363
16.68644
16.909932
17.130522
17.333696
17.551383
17.766168
17.983855
18.221859
18.445351
18.654331
18.872018
19.07229
19.275465
19.501859
19.705034
19.931429
20.140408
20.360998
20.567075
20.802177
21.060499
21.704853
21.94576
22.198277
22.410159
23.481179
23.733696
23.980408
24.218413
25.272018
25.562268
26.200816
26.467846
27.103492
27.408254
28.052608
28.29932
30.241088
30.505215
31.181497
31.410794
31.706848
31.866485
34.208798
34.472925
35.120181
35.404626
36.040272
36.263764
36.498866
36.751383
37.758549
38.786032
39.78449
40.817778
41.926531
43.073016
49.925805
50.1522
50.381497
50.578866
50.802358
51.017143
51.26966
51.676009
51.925624
52.58449
52.842812
53.519093
53.73678
54.433379
54.668481
55.330249
55.574059
56.047166
56.491247
57.080454
57.199456
57.318458
57.408435
57.501315
57.620317
57.724807
57.823492
57.913469
58.017959
58.142766
58.235646
58.354649
58.456236
58.575238
58.69424
58.792925
58.894512
58.999002
59.1122
59.205079
59.332789
59.428571
59.524354
59.625941
59.744943
59.858141
59.968435
60.070023
60.191927
60.296417
60.377687
60.499592
60.624399
60.728889
60.839184
60.937868
61.039456
61.152653
61.280363
61.376145
61.483537
61.582222
61.69542
61.794104
61.892789
61.985669
62.075646
62.188844
62.284626
62.368798
62.452971
62.566168
63.254059
63.523991
64.429569
65.33805
67.050522
67.74712
67.97932
68.220227
68.452426
68.673016
68.905215
69.041633
69.149025
69.2361
69.360907
69.462494
69.558277
69.706304
69.834014
69.932698
70.037188
70.135873
70.266485
70.362268
70.452245
70.591565
70.672834
70.780227
70.867302
70.960181
71.047256
71.128526
71.238821
71.340408
71.462313
71.5639
74.306757
74.475102
74.602812
74.721814
74.835011
74.959819
75.099138
75.238458
75.35746
75.47356
75.569342
75.69415
75.818957
75.911837
76.001814
76.123719
76.228209
76.364626
76.480726
76.576508
76.698413
76.81161
76.89288
77.0322
79.754739
80.001451
80.251066
80.48907
80.936054
81.377234
81.818413
82.262494
82.523719
82.741406
82.982313
83.284172
87.873016
92.139683
92.3922
92.853696
93.097506
94.6039
94.885442
95.323719
95.561723
96.03483
96.525351
97.239365
97.471565
97.697959
97.915646
98.124626
98.356825
98.589025
98.998277
99.242086
99.459773
99.662948
99.900952
100.138957
100.359546
100.768798
101.02712
101.598912
101.726621
101.813696
101.926893
102.025578
102.130068
102.234558
102.350658
102.452245
102.559637
102.667029
102.771519
102.887619
102.995011
103.096599
103.198186
103.314286
103.410068
103.537778
103.64517
103.743855
103.874467
103.964444
104.083447
104.176327
104.272109
104.385306
104.498503
104.620408
104.719093
104.817778
104.93678
105.032562
105.137052
105.247347
105.369252
106.06585
106.30966
106.591202
109.9639
110.910113
111.876644
112.596463
112.831565
113.060862
113.281451
113.531066
113.754558
113.998367
115.45542
115.963356
116.358095
116.831202
117.310113
117.809342
118.241814
118.723628
119.161905
119.605986
120.11102
122.476553
122.589751
122.662313
122.769705
122.871293
122.98449
123.094785
123.219592
123.324082
123.411156
123.535964
123.637551
123.910385
124.116463
124.363175
124.577959
124.844989
125.033651
125.28907
125.52127
125.759274
125.974059
126.217868
126.432653
126.69678
126.902857
127.152472
127.373061
127.611066
127.808435
128.060952
128.281542
128.531156
128.734331
128.949116
129.204535
134.64381
137.142857
137.412789
140.161451
140.933515
141.215057
141.91746
142.169977
144.610975
144.866395
145.536871
145.774875
148.099773
148.343583
149.019864
149.272381
149.92254
150.146032
150.613333
151.037098
152.096508
152.32
152.520272
152.827937
153.817687
154.084717
154.255964
154.589751
155.326984
155.550476
156.223855
156.456054
157.135238
157.379048
158.035011
158.296236
158.949297
159.198912
159.904218
160.16254
161.19873
161.468662
162.191383
162.472925
163.160816
163.422041
164.101224
164.376961
165.12
165.398639
165.767256
166.402902
173.296327
173.505306
173.752018
173.960998
174.190295
174.402177
174.625669
175.084263
175.322268
175.937596
176.187211
176.41941
176.631293
176.843175
177.052154
177.316281
177.513651
177.740045
177.983855
178.213152
178.413424
178.634014
178.854603
179.069388
179.272562
179.513469
179.736961
179.948844
180.172336
180.38712
180.616417
180.860227
181.075011
181.286893
181.495873
181.74839
181.966077
182.175057
182.398549
182.624943
182.84263
183.07483
183.321542
183.910748
184.061678
184.13424
184.230023
184.346122
184.45932
184.558005
184.656689
184.764082
184.868571
184.981769
185.080454
185.193651
185.289433
185.399728
185.498413
185.617415
185.733515
185.829297
185.930884
186.020862
186.102132
186.174694
186.255964
186.366259
186.462041
186.554921
186.665215
186.766803
186.86839
186.969977
187.074467
187.184762
187.295057
187.399546
187.495329
187.596916
187.698503
187.808798
187.898776
188.003265
188.110658
188.223855
188.32254
188.435737
188.566349
188.673741
188.763719
188.856599
188.969796
189.082993
189.178776
189.315193
190.017596
190.209161
190.47619
190.693878
190.943492
191.152472
191.387574
191.602358
192.078367
192.203175
192.316372
192.406349
192.522449
192.626939
192.745941
192.850431
192.960726
193.079728
193.18712
193.311927
193.410612
193.515102
193.634104
193.741497
193.843084
193.953379
194.060771
194.173968
194.269751
194.382948
194.481633
194.589025
194.725442
197.285442
197.430567
197.546667
197.651156
197.758549
197.865941
197.958821
198.072018
198.176508
198.304218
198.408707
198.52771
198.623492
198.736689
198.838277
198.942766
199.055964
199.151746
199.262041
199.369433
199.479728
199.595828
199.697415
199.804807
199.915102
205.740408
206.013243
207.26712
207.705397
208.175601
208.59356
209.028934
209.446893
217.065941
217.332971
217.579683
217.800272
218.064399
218.476553
218.929342
219.405351
219.829116
220.104853
220.325442
220.572154
220.821769
221.294875
221.756372
222.212063
222.67356
222.94059
223.137959
223.407891
224.304762
225.28
226.249433
226.777687
227.474286
236.70712
236.953832
237.209252
237.418231
237.627211
237.879728
238.489252
238.779501
239.017506
239.226485
239.444172
239.685079
239.986939
240.372971
240.625488
241.304671
241.528163
242.233469
242.474376
242.674649
242.886531
243.121633
243.319002
243.551202
243.739864
243.960454
244.175238
244.419048
244.636735
244.831202
245.060499
245.272381
245.478458
245.704853
245.91093
246.143129
246.357914
246.575601
246.781678
247.025488
247.234467
247.463764
247.664036
247.887528
248.113923
248.337415
248.627664
253.233923
257.46576
257.732789
258.142041
258.429388
260.0722
260.350839
260.751383
261.000998
261.503129
262.077823
