0.169796
0.413605
0.690794
0.899773
1.142132
1.383039
1.657324
1.893878
2.124626
2.381497
2.628209
2.854603
3.082449
3.358186
3.629569
3.869025
4.114286
4.35229
4.604807
4.841361
5.066304
5.31737
5.555374
5.757098
6.038639
6.296961
6.543673
6.800544
7.047256
7.317188
7.558095
7.775782
8.048617
8.32
8.573968
8.790204
9.026757
9.292336
9.557914
9.803175
10.03102
10.289342
10.518639
10.733424
10.864036
10.974331
11.05415
11.199274
11.504036
11.74059
11.981497
12.22966
12.472018
12.708571
12.936417
13.183129
13.426939
13.635918
13.889887
14.130794
14.387664
14.635828
14.850612
15.092971
15.319365
15.564626
15.817143
16.050794
16.274286
16.520998
16.748844
17.007166
17.224853
17.451247
17.700862
17.951927
18.208798
18.416327
18.677551
18.899592
19.128889
19.381406
19.636825
19.873379
20.114286
20.337778
20.606259
20.832653
21.024218
21.30576
21.548118
21.757098
21.990748
22.21424
22.357914
22.466757
22.540771
22.674286
22.896327
23.129977
23.359274
23.666939
24.379501
24.642177
24.868571
25.11093
25.341678
25.602902
26.305306
26.567982
26.785669
27.022222
27.270385
27.511293
28.036644
28.236916
28.505397
29.042358
29.283265
29.535782
30.04517
30.268662
30.525533
31.047982
31.783764
32.01161
32.265578
32.486168
32.734331
32.978141
35.645533
35.883537
36.033016
36.149116
36.230385
36.350839
36.5961
36.822494
37.03873
37.275283
37.514739
37.749841
37.967528
38.185215
38.456599
38.671383
38.902132
39.150295
39.890431
40.135692
40.364989
40.600091
40.83229
41.144308
41.864127
42.096327
42.576689
42.829206
43.068662
43.826213
44.081633
44.548934
44.815964
45.052517
45.856508
46.214966
47.846168
51.25805
51.424943
51.535238
51.629569
51.741315
51.837098
51.961905
52.050431
52.153469
52.250703
52.366803
52.487256
52.599002
52.684626
52.792018
52.900862
52.995193
53.10839
53.207075
53.318821
53.426213
53.523447
53.635193
53.733878
53.844172
53.942857
54.069116
54.17941
54.289705
54.38839
54.50449
54.614785
54.726531
54.833923
54.936961
55.04
55.150295
55.251882
55.373787
55.473923
55.594376
55.695964
55.794649
55.92381
56.032653
56.166168
56.259048
56.362086
56.492698
56.605896
56.711837
56.836644
56.968707
57.0761
57.184943
57.301043
57.421497
57.528889
57.63483
57.720454
57.787211
57.912018
58.041179
58.14712
58.210975
58.273379
58.40254
58.504127
58.608617
58.730522
58.843719
58.965624
59.062857
59.197823
59.324082
59.437279
59.533061
59.688345
59.820408
59.932154
60.039546
60.16
60.270295
60.377687
60.469116
60.612789
60.75356
60.866757
60.977052
61.077188
61.201995
61.31229
61.402268
61.531429
62.326712
62.576327
62.809977
63.034921
63.261315
63.521088
64.297506
64.555828
64.785125
65.023129
65.274195
65.507846
65.758912
66.031746
66.279909
66.516463
66.770431
67.062132
67.230476
67.346576
67.451066
67.565714
67.674558
67.790658
67.893696
67.993832
68.092517
68.191202
68.288435
68.385669
68.52644
68.646893
68.741224
68.893605
68.996644
69.14322
69.234649
69.400091
69.627937
69.741134
69.884807
69.9922
70.119909
70.208435
70.378231
70.5161
70.639456
70.733787
70.836825
70.960181
71.071927
71.230113
71.350567
71.452154
71.569705
71.704671
71.83093
71.945578
72.061678
72.164717
72.304036
72.440454
72.556553
72.663946
72.793107
72.91356
73.020952
73.139955
73.264762
73.386667
73.504218
73.63483
73.76254
73.903311
74.020862
74.131156
74.260317
77.593832
77.846349
78.090159
78.293333
78.574875
79.043628
79.53415
80.030476
80.264127
83.555556
83.789206
84.027211
84.272472
84.507574
85.000998
85.500227
85.993651
86.23746
86.455147
86.722177
86.951474
87.176417
87.441995
87.93542
88.428844
88.861315
88.990476
89.135601
89.639184
89.711746
89.800272
89.906213
90.000544
90.222585
91.07737
91.379229
91.625941
91.884263
92.122268
92.370431
92.530068
92.644717
92.734694
92.862404
93.120726
93.399365
93.641723
93.873923
94.136599
94.387664
94.560363
94.640181
94.757732
94.885442
95.130703
95.378866
95.660408
95.896961
96.123356
96.359909
96.513741
96.62839
96.722721
96.864943
97.126168
97.380136
97.654422
97.928707
98.211701
98.323447
98.445351
98.689161
98.917007
99.17678
99.427846
99.703583
99.934331
100.183946
100.27102
100.484354
101.279637
101.521995
101.79483
102.044444
102.331791
102.404354
102.543673
102.777324
103.010975
103.267846
103.495692
103.762721
103.997823
104.295329
104.417234
104.531882
105.02966
105.560816
120.915011
121.153016
121.380862
121.597098
121.737868
121.839456
121.962812
122.090522
123.692698
123.853787
123.958277
124.058413
124.164354
124.265941
124.367528
124.490884
124.609887
124.710023
124.804354
124.92771
125.0322
125.142494
125.24263
125.360181
125.470476
125.572063
125.673651
125.770884
125.895692
125.98712
126.101769
126.209161
126.316553
126.434104
126.528435
126.641633
126.750476
126.85932
126.973968
127.082812
127.191655
127.300499
127.393379
127.506576
127.627029
127.731519
127.83746
127.952109
128.062404
128.168345
128.278639
128.386032
128.502132
128.613878
128.727075
128.841723
128.969433
129.084082
129.191474
129.310476
129.423673
129.531066
129.632653
129.732789
129.864853
129.969342
130.091247
130.211701
130.326349
130.454059
130.558549
130.66449
130.783492
130.905397
131.00263
131.13034
131.242086
131.348027
131.458322
131.580227
131.681814
131.795011
131.895147
132.008345
132.118639
132.239093
132.347937
132.474195
132.568526
132.674467
132.806531
132.948753
133.06195
133.160635
133.286893
133.400091
133.510385
133.623583
133.730975
133.868844
133.979138
134.098141
134.196825
134.308571
134.41161
134.536417
134.639456
134.752653
134.870204
134.980499
135.082086
135.189478
135.291066
135.394104
135.498594
135.611791
135.736599
142.367347
142.618413
142.862222
143.094422
143.389025
143.878095
144.381678
144.891066
145.11746
145.375782
145.658776
145.902585
146.14059
146.413424
146.937324
147.404626
147.896599
148.134603
149.141769
149.672925
150.15619
150.669932
151.166259
152.208254
152.706032
153.164626
153.672562
154.363356
154.597007
154.848073
155.070113
155.326984
155.562086
155.782676
156.022132
156.286259
156.482177
156.731791
156.990113
157.255692
157.469025
157.698322
157.921814
158.190295
158.413787
158.640181
158.872381
159.1278
159.357098
159.586395
159.817143
160.065306
160.280091
160.520998
160.786576
161.026032
161.266939
161.497687
161.737143
161.982404
162.182676
162.445351
162.692063
162.941678
163.146304
163.363991
163.568617
163.847256
164.086712
164.316009
164.562721
164.787664
164.995193
165.135964
165.227392
165.320272
165.474104
165.732426
165.96898
166.198277
166.484172
167.2722
167.488435
167.756916
167.977506
168.232925
168.534785
169.261859
169.502766
169.737868
170.001995
170.469297
170.730522
170.962721
171.448889
171.698503
171.9278
172.435737
172.739048
172.948027
173.438549
173.676553
173.918912
174.428299
174.715646
174.90576
175.133605
175.37161
175.644444
175.84907
176.117551
176.432472
177.200181
177.462857
177.934512
178.207347
178.506304
179.226122
179.481542
179.93288
180.179592
180.466939
181.297052
181.654059
183.301224
186.69424
186.852426
186.955465
187.052698
187.142676
187.261678
187.350204
187.463401
187.570794
187.683991
187.779773
187.897324
188.001814
188.10195
188.186122
188.283356
188.395102
188.505397
188.596825
188.701315
188.804354
188.917551
189.019138
189.129433
189.245533
189.354376
189.45161
189.569161
189.675102
189.781043
189.865215
189.982766
190.088707
190.209161
190.32381
190.442812
190.553107
190.648889
190.75483
190.88254
190.981224
191.088617
191.201814
191.320816
191.434014
191.551565
191.644444
191.763447
191.869388
191.994195
192.100136
192.214785
192.351202
192.445533
192.565986
192.664671
192.792381
192.898322
193.012971
193.130522
193.250975
193.352562
193.464308
193.568798
193.673288
193.782132
193.880816
194.018685
194.160907
194.326349
194.435193
194.562902
194.673197
194.787846
194.911202
195.001179
195.237732
195.365442
195.480091
195.590385
195.719546
195.822585
195.934331
196.06059
196.182494
196.284082
196.417596
196.517732
196.636735
196.741224
196.890703
196.986485
197.146122
197.228844
197.343492
197.455238
197.593107
197.693243
197.836916
197.960272
198.076372
198.196825
198.312925
198.43483
198.529161
198.658322
198.793288
198.916644
199.035646
199.147392
199.278005
199.376689
199.489887
199.58712
199.722086
199.84254
199.958639
200.06458
200.176327
200.270658
200.385306
200.48254
200.610249
201.39102
201.662404
201.925079
202.17034
202.398186
202.69424
203.41551
203.683991
203.958277
204.222404
204.438639
204.669388
204.993016
205.235374
205.495147
205.730249
205.984218
206.220771
206.367347
206.47619
206.595193
206.70839
206.823039
206.934785
207.040726
207.158277
207.25551
207.354195
207.470295
207.574785
207.669116
207.792472
207.908571
208.026122
208.15093
208.275737
208.367166
208.48907
208.618231
208.737234
208.850431
208.969433
209.11746
209.216145
209.317732
209.468662
212.742676
212.963265
213.218685
213.440726
213.699048
214.208435
214.700408
215.180771
215.420227
218.623129
218.872744
219.122358
219.33424
219.609977
220.093243
220.573605
221.097506
221.371791
221.599637
221.724444
221.840544
221.942132
222.043719
222.158367
222.261406
222.378957
222.493605
222.614059
222.722902
222.840454
222.965261
223.068299
223.181497
223.281633
223.397732
223.526893
223.635737
223.75619
223.865034
223.963719
224.068209
224.195918
224.313469
224.423764
224.539864
224.65161
224.770612
224.873651
224.979592
225.095692
225.340952
225.619592
225.834376
226.04771
226.313288
226.567256
226.809615
227.005533
227.303039
227.738413
228.25941
228.728163
228.961814
229.18966
229.407347
229.712109
229.931247
230.182313
230.704762
231.180771
231.658231
232.100862
232.32
232.589932
232.793107
233.038367
233.555011
234.052789
234.530249
235.01932
235.308118
235.512744
235.72898
235.965533
236.193379
236.408163
236.653424
236.911746
237.823129
238.10322
238.30059
238.556009
239.055238
239.52254
240.015964
240.236553
240.471655
240.738685
240.966531
241.217596
241.412063
241.87356
242.366984
242.837188
243.066485
243.30449
243.562812
243.844354
244.008345
244.136054
244.223129
244.345034
244.720907
244.851519
244.977778
245.105488
245.180952
245.31737
245.683084
245.828209
245.95737
246.069116
246.141678
246.267937
246.392744
246.548027
246.627846
246.733787
246.868753
247.018231
247.119819
247.244626
249.579683
249.82059
250.10068
250.318367
250.554921
250.811791
251.54322
251.782676
252.011973
252.258685
252.469116
252.734694
253.44
253.702676
253.955193
254.204807
254.410884
254.621315
254.901406
255.092971
255.303401
255.541406
255.780862
256.018866
256.264127
256.503583
256.748844
256.969433
257.165351
257.416417
258.198639
258.464218
258.674649
258.906848
259.133243
259.379955
260.128798
260.366803
260.604807
260.835556
261.064853
261.295601
261.543764
261.76
261.996553
262.224399
262.455147
262.716372
262.950023
263.180771
263.414422
263.617596
263.843991
264.0878
264.295329
264.533333
264.77424
265.007891
265.250249
265.454875
265.698685
265.912018
266.167438
266.405442
266.627483
266.855329
267.074467
267.286349
267.528707
267.742041
267.936508
268.190476
268.40381
268.618594
268.853696
269.040907
269.213605
269.322449
269.419683
269.603991
270.409433
270.705488
270.991383
271.207619
271.415147
271.673469
271.792472
271.886803
272.013061
272.132063
272.386032
272.613878
272.827211
273.055057
273.295964
273.549932
273.753107
273.857596
273.95483
274.05932
274.307483
274.54839
274.813968
275.050522
275.26966
275.498957
275.629569
275.731156
275.857415
275.959002
276.204263
276.435011
276.641088
276.892154
277.117098
277.221587
277.394286
277.642449
277.863039
278.122812
278.337596
278.548027
278.791837
279.032744
279.138685
279.307029
280.006531
280.251791
280.446259
280.690068
280.965805
281.058685
281.16898
281.412789
281.630476
281.85542
282.074558
282.324172
282.553469
282.837914
282.929342
283.012063
283.504036
284.100499
284.303673
