0.16254
0.429569
0.708209
0.992653
1.21034
1.44254
1.695057
1.938866
2.159456
2.403265
2.661587
2.917007
3.114376
3.387211
3.660045
3.906757
4.154195
4.406349
4.618594
4.87619
5.115646
5.360544
5.66712
5.897506
6.169615
6.387302
6.624943
6.897052
7.147392
7.44127
7.644444
7.885714
8.150567
8.390023
8.654875
8.845351
9.092063
9.346032
9.580045
9.819501
10.058957
10.280272
10.501587
10.741043
10.868027
10.969615
11.049433
11.19093
11.45941
11.698866
11.918367
12.159637
12.386395
12.604082
12.838095
13.066667
13.298866
13.516553
13.743311
13.968254
14.227664
14.445351
14.695692
14.906122
15.138322
15.385034
15.588209
15.81678
16.059864
16.282993
16.518821
16.740136
16.968707
17.188209
17.42585
17.672562
17.910204
18.124263
18.383673
18.621315
18.860771
19.112925
19.326984
19.570068
19.791383
20.025397
20.272109
20.469841
20.714739
20.937868
21.171882
21.396825
21.610884
21.823129
21.96644
22.075283
22.173243
22.285714
22.514286
22.733787
22.946032
23.234467
23.943764
24.17415
24.399093
24.645805
24.86712
25.131973
25.8322
26.084354
26.298413
26.459864
26.770068
27.051247
27.559184
27.775057
28.041723
28.522449
28.765533
29.015873
29.456689
29.728798
29.979138
30.463492
31.138322
31.370522
31.61542
31.833107
32.056236
32.31746
34.612245
34.868027
34.982313
35.07483
35.180045
35.299773
35.530159
35.720635
35.969161
36.219501
36.449887
36.656689
36.86712
37.068481
37.355102
37.547392
37.775964
38.031746
38.706576
38.975057
39.218141
39.435828
39.671655
39.94195
40.633107
40.859864
41.306122
41.552834
41.84127
42.526984
42.777324
43.218141
43.446712
43.668027
44.440816
44.8
46.507029
49.580045
49.730612
49.90839
50.029932
50.102494
50.211338
50.316553
50.407256
50.517914
50.610431
50.722902
50.820862
50.927891
51.031293
51.140136
51.245351
51.343311
51.45034
51.539229
51.646259
51.74966
51.862132
51.961905
52.059864
52.175964
52.282993
52.386395
52.493424
52.593197
52.709297
52.812698
52.910658
53.030385
53.131973
53.240816
53.353288
53.463946
53.574603
53.683447
53.788662
53.881179
53.980952
54.098866
54.222222
54.345578
54.430839
54.541497
54.686621
54.790023
54.902494
55.011338
55.145578
55.265306
55.366893
55.473923
55.595465
55.702494
55.854875
55.989116
56.128798
56.253968
56.351927
56.487982
56.609524
56.716553
56.821769
56.939683
57.055782
57.15737
57.280726
57.384127
57.509297
57.614512
57.721542
57.848526
57.980952
58.095238
58.211338
58.309297
58.423583
58.530612
58.630385
58.762812
58.889796
59.005896
59.111111
59.210884
59.323356
59.419501
59.512018
59.651701
60.417234
60.651247
60.894331
61.139229
61.355102
61.612698
62.407256
62.677551
62.922449
63.198186
63.4322
63.677098
63.912925
64.146939
64.413605
64.663946
64.907029
65.186395
65.35873
65.480272
65.570975
65.699773
65.797732
65.922902
66.020862
66.126077
66.233107
66.345578
66.454422
66.550567
66.692063
66.817234
66.897052
67.036735
67.160091
67.307029
67.415873
67.533787
67.666213
67.7678
67.849433
67.989116
68.107029
68.244898
68.333787
68.477098
68.61678
68.756463
68.865306
68.98322
69.092063
69.209977
69.34966
69.47483
69.583673
69.710658
69.824943
69.96644
70.09161
70.204082
70.307483
70.472562
70.575964
70.701134
70.811791
70.938776
71.054875
71.167347
71.278005
71.412245
71.537415
71.646259
71.756916
71.885714
71.998186
72.099773
72.208617
72.348299
75.653515
75.914739
76.137868
76.359184
76.627664
77.115646
77.616327
78.095238
78.354649
81.589116
81.848526
82.073469
82.309297
82.565079
83.047619
83.548299
84.005442
84.272109
84.506122
84.761905
84.99229
85.21542
85.47483
85.986395
86.468934
86.933333
87.062132
87.196372
87.695238
87.751474
87.876644
87.989116
88.079819
88.282993
89.186395
89.467574
89.705215
89.970068
90.195011
90.429025
90.586848
90.681179
90.773696
90.902494
91.121995
91.399546
91.644444
91.87483
92.1161
92.348299
92.419048
92.502494
92.687528
92.816327
93.084807
93.324263
93.570975
93.808617
94.057143
94.294785
94.46712
94.565079
94.65941
94.764626
95.013152
95.243537
95.546485
95.769615
96.059864
96.165079
96.281179
96.518821
96.736508
96.977778
97.206349
97.462132
97.679819
97.913832
98.022676
98.224036
99.038549
99.307029
99.551927
99.795011
100.045351
100.143311
100.261224
100.502494
100.725624
100.956009
101.179138
101.433107
101.661678
101.928345
102.046259
102.156916
102.643084
103.163719
118.017234
118.234921
118.483447
118.721088
118.820862
118.926077
119.034921
119.174603
120.716553
120.883447
120.985034
121.082993
121.188209
121.287982
121.404082
121.500227
121.621769
121.717914
121.817687
121.939229
122.040816
122.131519
122.236735
122.349206
122.456236
122.561451
122.666667
122.755556
122.875283
122.984127
123.091156
123.2
123.307029
123.419501
123.51746
123.635374
123.738776
123.836735
123.943764
124.056236
124.157823
124.272109
124.382766
124.480726
124.593197
124.692971
124.801814
124.905215
125.012245
125.11746
125.222676
125.333333
125.445805
125.560091
125.681633
125.78322
125.892063
126.011791
126.122449
126.224036
126.35102
126.441723
126.552381
126.673923
126.782766
126.893424
127.002268
127.127438
127.239909
127.356009
127.464853
127.573696
127.680726
127.798639
127.882086
128.007256
128.117914
128.230385
128.333787
128.449887
128.560544
128.653061
128.767347
128.881633
128.985034
129.101134
129.220862
129.333333
129.427664
129.543764
129.65805
129.779592
129.895692
130.000907
130.095238
130.220408
130.320181
130.423583
130.528798
130.648526
130.768254
130.875283
130.987755
131.092971
131.2
131.312472
131.424943
131.548299
131.648073
131.764172
131.851247
131.954649
132.056236
132.157823
132.264853
132.368254
138.862585
139.080272
139.357823
139.553741
139.840363
140.339229
140.859864
141.336961
141.572789
141.8322
142.089796
142.307483
142.52517
142.809977
143.285261
143.733333
144.2322
144.493424
145.485714
146.035374
146.499773
147.038549
147.573696
148.578685
149.05941
149.527438
150.026304
150.730159
150.917007
151.183673
151.421315
151.698866
151.925624
152.195918
152.426304
152.654875
152.888889
153.113832
153.3678
153.574603
153.806803
154.039002
154.271202
154.496145
154.764626
155.013152
155.238095
155.506576
155.729705
155.949206
156.181406
156.457143
156.662132
156.899773
157.150113
157.389569
157.625397
157.84127
158.080726
158.314739
158.563265
158.786395
159.031293
159.279819
159.464853
159.668027
159.916553
160.156009
160.362812
160.611338
160.841723
161.064853
161.264399
161.400454
161.511111
161.589116
161.726984
161.995465
162.236735
162.485261
162.773696
163.504762
163.724263
163.963719
164.201361
164.457143
164.707483
165.400454
165.647166
165.902948
166.127891
166.644898
166.902494
167.149206
167.620862
167.867574
168.123356
168.620408
168.87619
169.082993
169.583673
169.826757
170.073469
170.57415
170.839002
171.058503
171.312472
171.553741
171.831293
172.021769
172.279365
172.584127
173.336961
173.621769
174.136961
174.365533
174.635828
175.357823
175.631746
176.094331
176.346485
176.596825
177.409524
177.819501
179.446712
182.557823
182.715646
182.788209
182.895238
183.002268
183.0839
183.176417
183.287075
183.388662
183.501134
183.595465
183.697052
183.804082
183.909297
184.007256
184.123356
184.221315
184.333787
184.42449
184.517007
184.634921
184.740136
184.834467
184.936054
185.039456
185.153741
185.249887
185.355102
185.454875
185.560091
185.661678
185.77415
185.872109
185.980952
186.087982
186.198639
186.303855
186.407256
186.512472
186.624943
186.722902
186.831746
186.931519
187.054875
187.181859
187.290703
187.39229
187.495692
187.609977
187.726077
187.843991
187.949206
188.070748
188.166893
188.304762
188.400907
188.518821
188.620408
188.734694
188.834467
188.954195
189.05941
189.151927
189.271655
189.380499
189.487528
189.589116
189.710658
189.85941
190.013605
190.106122
190.236735
190.35102
190.445351
190.579592
190.681179
190.809977
190.935147
191.051247
191.172789
191.285261
191.372336
191.470295
191.590023
191.744218
191.853061
191.978231
192.103401
192.204989
192.306576
192.417234
192.527891
192.647619
192.798186
192.899773
193.008617
193.128345
193.258957
193.362358
193.492971
193.661678
193.754195
193.864853
193.959184
194.084354
194.204082
194.312925
194.450794
194.572336
194.69932
194.81542
194.907937
195.011338
195.13288
195.238095
195.359637
195.484807
195.593651
195.695238
195.805896
195.905669
196.014512
196.107029
196.239456
197.015873
197.258957
197.512925
197.756009
197.960998
198.269388
199.040363
199.317914
199.564626
199.836735
200.063492
200.302948
200.576871
200.798186
201.04127
201.28254
201.502041
201.788662
201.921088
202.029932
202.155102
202.263946
202.369161
202.474376
202.58322
202.682993
202.790023
202.889796
203.000454
203.116553
203.216327
203.346939
203.444898
203.55737
203.668027
203.742404
203.858503
204.023583
204.257596
204.388209
204.497052
204.627664
204.734694
204.874376
204.952381
205.073923
205.180952
205.298866
208.527891
208.738322
209.017687
209.222676
209.487528
209.98458
210.44898
210.953288
211.194558
214.27483
214.523356
214.75737
214.978685
215.234467
215.735147
216.199546
216.740136
217.024943
217.246259
217.355102
217.445805
217.567347
217.668934
217.768707
217.879365
217.997279
218.10068
218.191383
218.321995
218.441723
218.552381
218.65941
218.771882
218.869841
218.976871
219.091156
219.189116
219.290703
219.401361
219.497506
219.609977
219.726077
219.847619
219.958277
220.078005
220.194104
220.302948
220.41542
220.517007
220.61678
220.850794
221.122902
221.335147
221.527438
221.804989
222.009977
222.233107
222.430839
222.71746
223.165533
223.668027
224.146939
224.368254
224.585941
224.863492
225.079365
225.287982
225.563719
226.077098
226.521542
226.995011
227.452154
227.695238
227.896599
228.126984
228.42449
228.972336
229.434921
229.913832
230.396372
230.65941
230.848073
231.063946
231.314286
231.506576
231.738776
231.978231
232.281179
233.16644
233.445805
233.603628
233.861224
234.370975
234.820862
235.303401
235.512018
235.736961
236.045351
236.235828
236.446259
236.662132
237.146485
237.623583
238.09161
238.334694
238.572336
238.813605
239.089342
239.24898
239.363265
239.461224
239.568254
239.958277
240.107029
240.228571
240.341043
240.420862
240.529705
240.894331
241.034014
241.177324
241.287982
241.375057
241.489342
241.619955
241.77415
241.868481
241.960998
242.231293
242.354649
242.47619
244.836281
245.075737
245.320635
245.561905
245.812245
246.051701
246.77551
247.013152
247.265306
247.50839
247.715193
247.965533
248.703855
248.939683
249.17551
249.371429
249.601814
249.84127
250.044444
250.280272
250.519728
250.751927
250.998639
251.232653
251.448526
251.713379
251.960091
252.188662
252.41542
252.685714
253.420408
253.681633
253.895692
254.115193
254.356463
254.594104
255.323356
255.588209
255.813152
256.029025
256.264853
256.511565
256.756463
256.972336
257.180952
257.395011
257.638095
257.890249
258.146032
258.35102
258.590476
258.817234
259.027664
259.261678
259.475737
259.693424
259.920181
260.154195
260.393651
260.609524
260.830839
261.044898
261.289796
261.514739
261.736054
261.98458
262.20771
262.421769
262.65034
262.864399
263.082086
263.312472
263.526531
263.747846
263.969161
264.194104
264.31746
264.435374
264.538776
264.734694
265.594558
265.855782
266.095238
266.320181
266.528798
266.786395
266.884354
266.991383
267.103855
267.20907
267.464853
267.707937
267.916553
268.156009
268.36644
268.600454
268.745578
268.8
268.946939
269.053968
269.309751
269.538322
269.765079
270.013605
270.202268
270.439909
270.577778
270.664853
270.770068
270.886168
271.109297
271.339683
271.544671
271.784127
272.021769
272.107029
272.261224
272.515193
272.712925
272.961451
273.18458
273.391383
273.663492
273.879365
273.982766
274.151474
274.913379
275.134694
275.361451
275.582766
275.81678
275.912925
276.032653
276.255782
276.471655
276.703855
276.910658
277.126531
277.373243
277.563719
277.643537
277.84127
278.327438
278.95873
279.192744
