0.168345
0.394739
0.632744
0.876553
1.091338
1.323537
1.532517
1.764717
2.008526
2.246531
2.46712
2.69932
2.890884
3.146304
3.372698
3.628118
3.831293
4.063492
4.313107
4.522086
4.736871
4.998095
5.299955
5.474104
5.700499
5.955918
6.159093
6.420317
6.652517
6.838277
7.087891
7.314286
7.55229
7.790295
8.039909
8.254694
8.434649
8.672653
8.910658
9.148662
9.351837
9.578231
9.769796
10.001995
10.11229
10.20517
10.292245
10.43737
10.698594
10.936599
11.162993
11.377778
11.592562
11.807347
12.022132
12.254331
12.469116
12.69551
12.921905
13.148299
13.363084
13.589478
13.804263
14.019048
14.251247
14.483447
14.733061
14.942041
15.156825
15.354195
15.563175
15.795374
16.027574
16.242358
16.468753
16.706757
16.933152
17.194376
17.397551
17.623946
17.856145
18.111565
18.303129
18.535329
18.761723
18.970703
19.191293
19.406077
19.644082
19.858866
20.062041
20.276825
20.51483
20.741224
20.839909
20.926984
21.002449
21.164989
21.379773
21.611973
21.867392
22.122812
22.813605
23.034195
23.254785
23.481179
23.724989
23.980408
24.584127
24.822132
25.036916
25.240091
25.489705
25.721905
26.226939
26.424308
26.662313
27.138322
27.353107
27.591111
28.05551
28.281905
28.525714
29.019138
29.744762
29.936327
30.209161
30.394921
30.63873
30.85932
33.320635
33.576054
33.680544
33.779229
33.895329
34.028844
34.243628
34.470023
34.673197
34.905397
35.143401
35.352381
35.567166
35.776145
36.031565
36.223129
36.432109
36.670113
37.384127
37.604717
37.807891
38.034286
38.266485
38.521905
39.235918
39.410068
39.886077
40.118277
40.338866
41.05288
41.290884
41.714649
41.958458
42.208073
42.968526
43.328435
44.895782
48.123356
48.268481
48.361361
48.436825
48.552925
48.64
48.73288
48.82576
48.936054
49.034739
49.139229
49.249524
49.354014
49.435283
49.539773
49.638458
49.742948
49.835828
49.946122
50.039002
50.137687
50.242177
50.352472
50.451156
50.561451
50.660136
50.764626
50.874921
50.97941
51.066485
51.182585
51.28127
51.379955
51.467029
51.565714
51.687619
51.792109
51.896599
52.012698
52.111383
52.198458
52.297143
52.401633
52.506122
52.639637
52.767347
52.854422
52.958912
53.075011
53.202721
53.313016
53.423311
53.5278
53.626485
53.73678
53.82966
53.94576
54.061859
54.166349
54.288254
54.433379
54.549478
54.642358
54.764263
54.915193
55.013878
55.095147
55.193832
55.327347
55.414422
55.513107
55.629206
55.756916
55.878821
55.965896
56.070385
56.221315
56.30839
56.42449
56.52898
56.633469
56.766984
56.848254
56.964354
57.121088
57.202358
57.306848
57.417143
57.533243
57.655147
57.742222
57.835102
58.630385
58.862585
59.106395
59.332789
59.576599
59.791383
60.557642
60.807256
61.016236
61.271655
61.492245
61.741859
61.974059
62.223673
62.455873
62.688073
62.937687
63.198912
63.338231
63.436916
63.541406
63.657506
63.773605
63.89551
63.994195
64.10449
64.20898
64.319274
64.412154
64.510839
64.644354
64.766259
64.876553
64.986848
65.114558
65.242268
65.346757
65.503492
65.590567
65.683447
65.816961
65.933061
66.066576
66.200091
66.310385
66.43229
66.52517
66.647075
66.739955
66.873469
67.006984
67.105669
67.233379
67.337868
67.477188
67.587483
67.709388
67.813878
67.947392
68.057687
68.162177
68.284082
68.458231
68.574331
68.678821
68.789116
68.905215
69.009705
69.12
69.24771
69.358005
69.468299
69.555374
69.683084
69.793379
69.892063
69.996553
70.124263
73.421497
73.694331
73.949751
74.15873
74.419955
74.907574
75.447438
75.639002
75.859592
76.120816
79.40644
79.627029
79.853424
80.126259
80.346848
80.828662
81.287256
81.798095
82.04771
82.279909
82.506304
82.779138
82.970703
83.220317
83.690522
84.149116
84.613515
84.741224
84.880544
85.455238
85.553923
85.670023
85.780317
85.942857
86.772971
87.045805
87.341859
87.591474
87.846893
88.044263
88.200998
88.299683
88.398367
88.520272
88.764082
88.990476
89.234286
89.478095
89.72771
89.948299
90.076009
90.203719
90.325624
90.418503
90.650703
90.865488
91.161542
91.370522
91.602721
91.788481
91.945215
92.06712
92.20644
92.293515
92.519909
92.769524
93.013333
93.257143
93.541587
93.634467
93.744762
93.942132
94.180136
94.406531
94.63873
94.90576
95.108934
95.393379
95.480454
95.625578
96.368617
96.606621
96.867846
97.088435
97.378685
97.494785
97.564444
97.779229
97.988209
98.266848
98.470023
98.725442
98.940227
99.195646
99.294331
99.410431
99.88644
100.408889
114.9678
115.205805
115.42059
115.652789
115.786304
115.873379
115.977868
116.134603
117.74839
117.893515
117.98059
118.079274
118.177959
118.276644
118.381134
118.479819
118.590113
118.694603
118.804898
118.903583
119.013878
119.129977
119.234467
119.356372
119.478277
119.582766
119.693061
119.785941
119.896236
120.006531
120.11102
120.22712
120.35483
120.430295
120.5522
120.656689
120.766984
120.859864
120.981769
121.097868
121.190748
121.312653
121.422948
121.539048
121.643537
121.724807
121.835102
121.945397
122.061497
122.165986
122.282086
122.392381
122.508481
122.607166
122.723265
122.827755
122.93805
123.059955
123.176054
123.292154
123.396644
123.518549
123.628844
123.744943
123.872653
123.959728
124.070023
124.162902
124.284807
124.418322
124.505397
124.627302
124.743401
124.859501
124.958186
125.080091
125.19619
125.31229
125.422585
125.527075
125.631565
125.736054
125.828934
125.927619
126.043719
126.159819
126.264308
126.380408
126.496508
126.600998
126.699683
126.815782
126.955102
127.071202
127.169887
127.280181
127.390476
127.506576
127.605261
127.703946
127.83746
127.93034
128.01161
128.145125
128.25542
128.377324
128.470204
128.597914
128.708209
128.830113
128.911383
129.021678
129.120363
129.236463
129.329342
129.451247
136.057324
136.289524
136.556553
136.753923
137.032562
137.508571
138.01941
138.49542
138.710204
138.942404
139.203628
139.447438
139.650612
139.911837
140.393651
140.85805
141.328254
141.566259
142.500862
142.976871
143.45288
143.975329
144.428118
145.409161
145.88517
146.355374
146.854603
147.487347
147.731156
147.945941
148.149116
148.439365
148.63093
148.845714
149.072109
149.315918
149.542313
149.768707
149.983492
150.215692
150.413061
150.662676
150.860045
151.07483
151.330249
151.574059
151.800454
152.044263
152.270658
152.462222
152.700227
152.984671
153.199456
153.46068
153.675465
153.901859
154.163084
154.360454
154.598458
154.842268
155.080272
155.283447
155.515646
155.747846
155.956825
156.189025
156.427029
156.676644
156.903039
157.088798
157.320998
157.518367
157.738957
157.860862
157.988571
158.069841
158.191746
158.429751
158.65034
158.89415
159.161179
159.875193
160.107392
160.368617
160.589206
160.792381
161.065215
161.785034
162.023039
162.284263
162.493243
162.975057
163.247891
163.427846
163.938685
164.107029
164.391474
164.902313
165.163537
165.349297
165.836916
166.063311
166.301315
166.846984
167.044354
167.270748
167.497143
167.735147
168.007982
168.187937
168.391111
168.687166
169.488254
169.691429
170.213878
170.411247
170.672472
171.41551
171.64771
172.083084
172.344308
172.617143
173.487891
173.865215
175.479002
178.642721
178.758821
178.857506
178.950385
179.066485
179.17678
179.26966
179.36254
179.472834
179.571519
179.676009
179.792109
179.896599
180.001088
180.093968
180.192653
180.308753
180.413243
180.506122
180.604807
180.720907
180.837007
180.929887
181.034376
181.150476
181.243356
181.359456
181.481361
181.58585
181.69034
181.79483
181.88771
181.998005
182.114104
182.236009
182.352109
182.462404
182.555283
182.682993
182.781678
182.903583
183.008073
183.100952
183.228662
183.362177
183.460862
183.559546
183.675646
183.797551
183.907846
184.023946
184.105215
184.23873
184.33161
184.44771
184.5522
184.697324
184.796009
184.906304
185.028209
185.150113
185.242993
185.364898
185.469388
185.597098
185.695782
185.794467
185.898957
186.073107
186.212426
186.316916
186.415601
186.543311
186.6478
186.75229
186.885805
187.025125
187.13542
187.257324
187.385034
187.489524
187.611429
187.721723
187.837823
187.948118
188.087438
188.209342
188.348662
188.453152
188.563447
188.667937
188.778231
188.900136
189.022041
189.161361
189.27746
189.38195
189.527075
189.64898
189.747664
189.881179
190.008889
190.154014
190.252698
190.397823
190.490703
190.606803
190.717098
190.850612
190.960907
191.088617
191.198912
191.297596
191.431111
191.523991
191.645896
191.796825
191.889705
192.005805
192.10449
192.20898
192.313469
192.429569
192.539864
193.335147
193.578957
193.845986
194.078186
194.310385
194.57161
195.395918
195.628118
195.918367
196.167982
196.440816
196.638186
196.893605
197.12
197.358005
197.630839
197.892063
198.106848
198.217143
198.350658
198.443537
198.577052
198.698957
198.791837
198.913741
199.006621
199.105306
199.227211
199.349116
199.45941
199.534875
199.64517
199.801905
199.9122
200.039909
200.138594
200.248889
200.411429
200.504308
200.643628
200.794558
200.945488
201.067392
201.200907
201.299592
201.450522
204.82322
205.061224
205.276009
205.525624
205.763628
206.280272
206.767891
207.203265
207.458685
210.709478
210.970703
211.214512
211.423492
211.655692
212.125896
212.54966
213.095329
213.385578
213.600363
213.675828
213.786122
213.890612
214.006712
214.105397
214.204082
214.314376
214.442086
214.558186
214.662676
214.79619
214.894875
214.99356
215.103855
215.208345
215.330249
215.428934
215.550839
215.678549
215.783039
215.904943
216.015238
216.137143
216.247438
216.375147
216.497052
216.607347
216.706032
216.804717
216.915011
217.042721
217.274921
217.6
217.791565
217.965714
218.284989
218.528798
218.749388
218.969977
219.283447
219.701406
220.223855
220.676644
220.926259
221.152653
221.431293
221.657687
221.866667
222.139501
222.61551
223.120544
223.561723
224.031927
224.298957
224.496327
224.740136
225.001361
225.518005
226.017234
226.533878
227.056327
227.271111
227.474286
227.683265
227.927075
228.176689
228.368254
228.629478
228.850068
229.958821
230.278095
230.46966
230.730884
231.212698
231.688707
232.135692
232.391111
232.605896
232.89034
233.139955
233.319909
233.534694
234.010703
234.498322
234.962721
235.200726
235.456145
235.71737
235.978594
236.123719
236.222404
236.355918
236.448798
236.802902
236.930612
237.040907
237.133787
237.226667
237.383401
237.743311
237.865215
237.97551
238.10322
238.20771
238.3122
238.474739
238.596644
238.695329
238.799819
238.927528
239.061043
239.200363
239.304853
241.406259
241.667483
241.917098
242.160907
242.369887
242.619501
243.345125
243.600544
243.826939
244.076553
244.285533
244.535147
245.237551
245.481361
245.719365
245.93415
246.166349
246.392744
246.636553
246.880363
247.071927
247.292517
247.571156
247.791746
248.012336
248.26195
248.523175
248.772789
248.987574
249.237188
249.997642
250.282086
250.525896
250.75229
250.978685
251.228299
251.994558
252.249977
252.487982
252.731791
252.940771
253.213605
253.45161
253.69542
253.886984
254.142404
254.386213
254.670658
254.873832
255.152472
255.367256
255.576236
255.843265
256.063855
256.319274
256.510839
256.725624
256.963628
257.213243
257.457052
257.689252
257.927256
258.153651
258.368435
258.60644
258.827029
259.059229
259.268209
259.512018
259.715193
259.947392
260.167982
260.388571
260.591746
260.823946
261.056145
261.195465
261.29415
261.387029
261.566984
262.373878
262.629297
262.890522
263.111111
263.343311
263.592925
263.709025
263.84254
263.964444
264.080544
264.306939
264.544943
264.771338
264.991927
265.229932
265.444717
265.531791
265.653696
265.763991
265.909116
266.152925
266.396735
266.669569
266.861134
267.075918
267.325533
267.459048
267.563537
267.668027
267.784127
268.039546
268.289161
268.527166
268.736145
268.98576
269.090249
269.217959
269.444354
269.670748
269.879728
270.135147
270.338322
270.553107
270.773696
270.907211
271.092971
271.894059
272.155283
272.387483
272.613878
272.805442
272.933152
273.060862
273.287256
273.513651
273.740045
273.972245
274.216054
274.425034
274.686259
274.808163
274.959093
275.411882
276.079456
