0.145125
0.471655
1.248073
1.436735
4.005442
4.281179
5.006803
5.282540
7.880272
8.141497
8.859864
9.106576
9.824943
10.028118
10.507029
11.007710
11.755102
12.009070
12.255782
12.502494
12.727438
12.945125
13.177324
13.409524
13.648980
13.881179
14.120635
14.323810
14.577778
14.795465
15.027664
15.274376
15.477551
15.746032
15.949206
16.195918
16.413605
16.667574
16.899773
17.095692
17.342404
17.552834
17.799546
18.024490
18.256689
18.459864
18.735601
18.946032
19.192744
19.446712
19.635374
19.903855
20.107029
20.353741
20.578685
20.789116
21.028571
21.239002
21.463946
21.746939
21.964626
22.189569
22.450794
22.661224
23.415873
23.626304
23.894785
24.148753
25.324263
25.563719
25.795918
26.071655
27.218141
27.443084
28.219501
28.451701
29.170068
29.416780
30.113379
30.345578
30.657596
30.897052
31.608163
31.876644
32.145125
32.355556
33.081179
33.306122
33.458503
33.545578
33.668934
33.835828
34.002721
34.292971
34.539683
34.829932
35.548299
35.838549
36.121542
36.331973
36.600454
36.883447
37.551020
37.884807
40.983220
41.251701
42.035374
42.267574
43.043991
43.312472
44.030839
44.292063
45.046712
45.322449
45.576417
45.902948
