0.182857
0.497778
1.147937
1.442540
4.063492
4.327619
4.642540
5.028571
5.262222
7.862857
8.126984
8.848254
9.061587
9.813333
10.057143
10.524444
10.951111
11.753651
12.007619
12.220952
12.505397
12.708571
12.921905
13.186032
13.409524
13.592381
13.876825
14.110476
14.354286
14.598095
14.780952
15.024762
15.299048
15.522540
15.746032
15.959365
16.172698
16.426667
16.670476
16.934603
17.127619
17.340952
17.574603
17.828571
18.062222
18.295873
18.499048
18.722540
18.956190
19.210159
19.413333
19.636825
19.911111
20.124444
20.347937
20.601905
20.835556
21.048889
21.292698
21.546667
21.749841
21.963175
22.217143
22.410159
22.684444
23.405714
23.639365
23.893333
24.167619
25.264762
25.539048
25.833651
26.067302
27.184762
27.570794
28.149841
28.434286
29.155556
29.551746
30.181587
30.425397
32.558730
32.863492
33.554286
33.838730
34.072381
34.377143
37.018413
37.333333
38.064762
38.328889
38.999365
39.233016
39.476825
39.771429
40.756825
41.721905
42.758095
43.794286
44.800000
45.937778
