0.185760
0.470204
0.789478
0.975238
1.172608
1.445442
1.729887
1.909841
2.147846
2.391655
2.652880
2.902494
3.094059
3.390113
3.581678
3.808073
4.104127
4.307302
4.580136
4.818141
5.044535
5.282540
5.503129
5.752744
6.002358
6.304218
6.501587
6.739592
6.995011
7.192381
7.407166
7.674195
7.906395
8.132789
8.394014
8.620408
8.846803
9.113832
9.340227
9.555011
9.793016
10.013605
10.280635
10.518639
10.681179
10.803084
11.017868
11.284898
11.528707
11.760907
11.993107
12.242721
12.440091
12.712925
12.950930
13.183129
13.397914
13.635918
13.879728
14.106122
14.338322
14.558912
14.808526
15.040726
15.267120
15.528345
15.748934
15.981134
16.230748
16.451338
16.677732
16.915737
17.136327
17.368526
17.583311
17.798095
18.024490
18.291519
18.523719
18.750113
18.976508
19.197098
19.423492
19.667302
19.882086
20.137506
20.346485
20.567075
20.805079
21.060499
21.292698
21.507483
21.733878
22.064762
22.192472
22.436281
22.668481
22.941315
23.185125
23.910748
24.119728
24.357732
24.578322
24.856961
25.118186
25.808980
26.041179
26.284989
26.505578
26.737778
26.999002
27.509841
27.730431
27.980045
28.490884
28.734694
28.961088
29.413878
29.709932
29.930522
30.423946
31.114739
31.381769
31.625578
31.869388
32.113197
32.374422
35.131791
35.398821
35.503311
35.607800
35.741315
35.822585
36.083810
36.310204
36.559819
36.797823
37.076463
37.314467
37.558277
37.796281
38.086531
38.295510
38.550930
38.800544
39.491338
39.764172
40.002177
40.269206
40.524626
40.832290
41.575329
41.807528
42.271927
42.527347
42.800181
43.543220
43.816054
44.321088
44.588118
44.860952
45.557551
45.905850
47.206168
