0.152381
0.420862
1.197279
1.443991
2.147846
2.409070
2.634014
2.909751
3.120181
3.359637
3.613605
3.838549
4.048980
4.288435
5.021315
5.282540
5.979138
6.254875
6.508844
6.806349
6.973243
7.190930
7.430385
7.669841
7.880272
8.119728
8.867120
9.106576
9.803175
10.049887
10.514286
11.000454
11.747846
11.965533
12.248526
12.458957
12.698413
12.937868
13.191837
13.424036
13.663492
13.859410
14.106122
14.316553
14.556009
14.788209
15.049433
15.252608
15.484807
15.724263
15.970975
16.232200
16.420862
16.638549
16.878005
17.095692
17.327891
17.581859
17.806803
18.053515
18.292971
18.496145
18.742857
18.960544
19.207256
19.417687
19.671655
19.882086
20.092517
20.339229
20.578685
20.803628
21.028571
21.318821
21.507483
21.746939
21.979138
22.218594
22.436281
22.690249
22.929705
23.154649
23.880272
24.156009
24.627664
24.874376
25.121088
25.788662
26.028118
26.311111
26.521542
26.739229
27.029478
27.486621
27.784127
28.016327
28.466213
28.705669
28.959637
29.416780
29.678005
29.931973
30.352834
31.608163
31.862132
32.137868
32.420862
33.088435
33.349660
33.560091
33.828571
34.075283
34.336508
35.083900
35.330612
35.482993
35.642630
35.824036
36.070748
36.324717
36.578685
36.810884
37.079365
37.297052
37.529252
37.761451
38.037188
38.276644
39.009524
39.285261
39.524717
39.771429
40.003628
40.272109
41.012245
41.251701
41.984580
42.274830
42.985941
43.290703
44.001814
44.313832
45.097506
45.344218
45.583673
45.939229
