0.208980
0.603719
1.555737
1.927256
5.549569
5.897868
6.873107
7.221406
10.866939
11.261678
12.213696
12.585215
13.514014
13.908753
14.535692
15.209070
16.161088
16.555828
16.834467
17.089887
17.461406
17.763265
18.018685
18.366984
18.645624
18.924263
19.226122
19.504762
19.806621
20.085261
20.363900
20.572880
20.805079
21.060499
21.292698
21.478458
21.710658
21.919637
22.128617
22.337596
22.593016
22.755556
22.987755
23.219955
23.382494
23.591474
23.777234
23.962993
24.171973
24.334512
24.566712
24.752472
24.961451
25.123991
25.286531
25.472290
25.681270
25.867029
26.029569
26.192109
26.424308
26.563628
26.749388
26.935147
27.538866
27.701406
27.933605
28.119365
29.024943
29.280363
29.419683
29.605442
30.673560
30.859320
31.439819
32.252517
32.484717
33.297415
33.506395
33.738594
33.994014
34.644172
35.038912
35.317551
35.503311
36.269569
36.548209
36.733968
36.896508
37.151927
37.407347
37.593107
37.894966
38.220045
39.009524
39.311383
39.613243
39.845442
40.147302
40.402721
41.192200
41.517279
45.255692
45.557551
46.439909
46.741769
47.879546
48.181406
49.203084
49.621043
50.805261
51.246440
51.873379
52.709297
