0.156735
0.574694
1.554286
1.880816
5.577143
5.968980
6.896327
7.222857
10.880000
11.297959
12.225306
12.604082
13.557551
13.910204
14.537143
15.216327
15.960816
16.261224
16.496327
16.848980
17.136327
17.462857
17.763265
18.142041
18.390204
18.664490
18.912653
19.239184
19.565714
19.826939
20.101224
20.336327
20.596100
20.874739
21.083719
21.327528
21.536508
21.699048
21.977687
22.209887
22.407256
22.639456
22.790385
23.231565
23.394104
23.626304
23.800454
24.021043
24.218413
24.427392
24.589932
24.787302
24.996281
25.170431
25.321361
25.518730
25.704490
25.913469
26.064399
26.238549
26.435918
26.656508
26.830658
27.004807
27.527256
27.747846
27.898776
28.107755
29.036553
29.268753
29.431293
29.628662
30.569070
30.743220
31.439819
31.672018
32.264127
32.496327
33.204535
33.494785
35.735510
36.025760
36.826848
37.093878
37.384127
37.662766
40.634921
40.971610
41.749478
42.016508
42.840816
43.154286
43.758005
44.988662
46.219320
47.519637
48.819955
50.317642
52.581587
