0.166893
0.507937
0.907029
1.211791
1.581859
1.908390
2.220408
2.554195
2.887982
3.243537
3.570068
3.903855
4.259410
4.578685
4.934240
5.231746
5.565533
5.921088
6.247619
6.581406
6.886168
7.234467
7.590023
7.938322
8.250340
8.613152
8.917914
9.266213
9.629025
9.904762
10.202268
10.528798
10.891610
11.254422
11.639002
11.921995
12.219501
12.546032
12.923356
13.249887
13.569161
13.866667
14.229478
14.497959
14.737415
14.897052
15.020408
15.187302
15.564626
15.876644
16.188662
16.515193
16.848980
17.168254
17.473016
17.792290
18.097052
18.387302
18.692063
18.953288
19.250794
19.519274
19.787755
20.078005
20.310204
20.564172
20.810884
21.028571
21.268027
21.521995
21.768707
22.000907
22.196825
22.392744
22.595918
22.791837
23.017143
23.203265
23.373061
23.591837
23.787755
23.967347
24.189388
24.391837
24.581224
24.770612
24.930612
25.146122
25.338776
25.508571
25.668571
25.874286
26.024490
26.226939
26.334694
26.419592
26.497959
26.592653
26.772245
26.961633
27.144490
27.337143
27.902041
28.084898
28.297143
28.506122
28.692245
28.894694
29.453061
29.635918
29.841633
30.044082
30.217143
30.432653
30.817959
31.020408
31.209796
31.604898
31.846531
32.026122
32.555102
32.777143
33.008980
33.443265
34.259592
34.511020
34.814694
35.036735
35.265306
35.533061
38.445714
38.729796
38.876735
39.004082
39.118367
39.288163
39.565714
39.817143
40.094694
40.359184
40.669388
40.897959
41.214694
41.488980
41.799184
42.014694
42.285714
42.586122
42.925714
43.480816
43.735510
44.091429
44.336327
44.649796
44.969796
45.893878
46.204082
46.915918
47.151020
47.484082
48.522449
48.884898
49.567347
49.962449
50.367347
51.791020
52.757551
54.977959
