0.172698
0.568889
1.584762
1.940317
2.935873
3.271111
3.545397
3.850159
4.266667
4.581587
5.008254
5.262222
5.597460
5.942857
6.897778
7.253333
8.269206
8.614603
8.919365
9.244444
9.549206
9.874286
10.209524
10.565079
10.849524
11.245714
12.231111
12.576508
13.561905
13.907302
14.557460
15.227937
16.233651
16.528254
16.843175
17.158095
17.483175
17.747302
18.092698
18.356825
18.692063
18.976508
19.250794
19.565714
19.799365
20.073651
20.317460
20.591746
20.835556
21.079365
21.333333
21.566984
21.770159
21.973333
22.206984
22.400000
22.623492
22.836825
23.040000
23.263492
23.466667
23.680000
23.852698
24.025397
24.218413
24.401270
24.584127
24.797460
24.980317
25.163175
25.325714
25.549206
25.691429
25.874286
26.057143
26.250159
26.433016
26.605714
26.829206
27.001905
27.174603
27.367619
27.885714
28.129524
28.302222
28.485079
28.657778
28.860952
29.470476
29.653333
29.866667
30.019048
30.191746
30.384762
30.831746
31.085714
31.278730
31.674921
31.878095
32.101587
32.548571
32.731429
32.975238
33.493333
34.742857
35.027302
35.291429
35.565714
36.266667
36.551111
36.713651
36.855873
36.998095
37.089524
37.373968
37.658413
38.481270
38.765714
38.877460
39.019683
39.131429
39.293968
39.588571
39.852698
40.116825
40.391111
40.675556
40.960000
41.224127
41.478095
41.742222
42.057143
42.869841
43.164444
43.509841
43.733333
44.088889
44.363175
45.287619
45.592381
46.526984
46.831746
47.817143
48.193016
49.178413
49.605079
50.753016
51.332063
51.870476
52.673016
