0.300408
0.973061
1.449796
1.626122
2.579592
2.703673
2.873469
3.004082
3.121633
3.265306
3.402449
3.546122
3.689796
3.807347
3.990204
4.636735
5.126531
5.257143
6.145306
6.302041
6.452245
6.582857
6.733061
6.876735
7.033469
7.15102
7.281633
7.405714
7.57551
8.195918
8.672653
8.835918
9.129796
9.756735
10.305306
10.66449
11.004082
11.284898
11.604898
12.238367
12.90449
13.22449
13.446531
13.779592
14.08
14.465306
15.15102
15.78449
16.254694
16.43102
17.377959
17.508571
17.665306
17.802449
17.906939
18.083265
18.220408
18.370612
18.520816
18.638367
18.814694
19.435102
19.905306
20.04898
20.976327
21.126531
21.263673
21.394286
21.557551
21.701224
21.838367
21.97551
22.106122
22.230204
22.439184
23.013878
23.595102
23.947755
24.496327
24.881633
25.188571
25.469388
25.750204
26.050612
26.35102
26.710204
26.971429
27.572245
27.898776
28.146939
28.453878
28.721633
29.01551
30.315102
30.759184
30.909388
31.57551
31.986939
32.176327
32.476735
32.816327
34.109388
34.383673
34.703673
35.023673
35.284898
35.617959
35.931429
36.26449
36.545306
37.152653
37.773061
38.4
38.569796
38.700408
38.82449
38.987755
39.111837
39.275102
39.392653
39.582041
40.228571
40.659592
40.842449
41.221224
41.351837
41.508571
41.665306
41.81551
41.952653
42.142041
42.749388
43.219592
43.363265
43.715918
43.859592
44.009796
44.16
44.290612
44.408163
44.571429
44.956735
45.570612
46.217143
46.83102
47.588571
48.0
48.313469
48.698776
