0.304762
0.944762
1.462857
1.615238
3.112925
3.279819
3.4322
3.541043
3.671655
3.802268
3.99093
4.60771
5.086621
5.217234
6.704762
6.849887
7.031293
7.183673
7.307029
7.444898
7.611791
8.228571
8.642177
8.787302
9.150113
9.745125
10.354649
10.739229
10.971429
11.319728
11.639002
12.219501
12.872562
13.126531
13.445805
13.765079
14.113379
14.418141
15.158277
15.789569
16.435374
17.371429
17.67619
17.96644
18.213152
18.488889
18.771882
19.424943
20.012698
20.956009
21.253515
21.565533
21.84127
22.146032
22.407256
23.038549
23.568254
24.489796
25.15737
25.476644
25.788662
26.057143
26.354649
26.673923
26.964172
27.559184
27.871202
28.154195
28.422676
28.785488
29.090249
30.309297
30.744671
30.955102
31.542857
31.869388
32.181406
32.486168
32.834467
34.191383
34.452608
34.721088
35.02585
35.330612
35.58458
35.896599
36.244898
36.564172
37.159184
37.746939
38.537868
38.697506
38.835374
38.973243
39.103855
39.241723
39.408617
39.553741
40.243084
40.700227
40.830839
41.353288
41.527438
41.629025
41.810431
41.941043
42.10068
42.71746
43.196372
43.356009
43.834921
44.023583
44.161451
44.292063
44.422676
44.575057
44.945125
45.511111
46.229478
46.82449
47.644444
47.978231
48.290249
48.682086
