0.181405896
0.990476190
1.436734694
1.614512472
2.245804989
2.419954649
2.554195011
2.706575964
2.848072562
2.982312925
3.134693878
3.279818594
3.410430839
3.559183673
3.715192744
3.856689342
4.012698413
4.640362812
5.057596372
5.268027211
5.848526077
6.040816327
6.178684807
6.320181406
6.465306122
6.585034014
6.726530612
6.871655329
7.024036281
7.158276644
7.296145125
7.444897959
7.640816327
8.217687075
8.638548753
8.819954649
9.142857143
9.730612245
10.347392290
10.692063492
10.964172336
11.301587302
11.624489796
12.321088435
12.843537415
13.184580499
13.783219955
14.349206349
15.165532880
15.825850340
16.301133787
16.478911565
17.055782313
17.237188209
17.371428571
17.494784580
17.647165533
17.810430839
17.959183673
18.082539683
18.249433107
18.401814059
18.532426304
18.659410431
18.826303855
19.450340136
19.867573696
20.063492063
20.633106576
20.829024943
20.974149660
21.122902494
21.260770975
21.405895692
21.547392290
21.707029478
21.859410431
22.004535147
22.131519274
22.247619048
22.443537415
23.049433107
23.495691610
23.640816327
23.974603175
24.544217687
25.150113379
25.502040816
25.788662132
26.089795918
26.401814059
27.004081633
27.620861678
27.954648526
28.419047619
29.057596372
29.717913832
30.327437642
30.799092971
30.965986395
31.542857143
31.985487528
32.170521542
32.489795918
32.838095238
33.600000000
33.792290249
33.930158730
34.068027211
34.405442177
34.717460317
35.036734694
35.356009070
35.657142857
35.979319728
36.270294785
36.560544218
37.097505669
37.750566893
38.084353741
38.258503401
38.385487528
38.534240363
38.693877551
38.842630385
38.976870748
39.114739229
39.248979592
39.394104308
39.571882086
40.214058957
40.660317460
40.874376417
41.204535147
41.364172336
41.516553288
41.676190476
41.835827664
41.966439909
42.140589569
42.750113379
43.181859410
43.366893424
43.700680272
43.863945578
43.998185941
44.125170068
44.292063492
44.426303855
44.607709751
44.930612245
45.569160998
46.251247166
46.849886621
47.677097506
47.992743764
48.348299320
48.692970522