3.131066
3.678912
3.820408
4.212245
4.589569
5.619955
5.790476
5.950113
6.102494
6.26576
6.425397
6.624943
6.995011
7.57551
7.86576
8.123356
8.780045
9.11746
9.422222
9.694331
9.973696
10.260317
10.804535
11.2
11.323356
11.577324
11.81678
12.578685
12.687528
12.803628
12.930612
13.0322
13.159184
13.289796
13.540136
13.652608
13.739683
13.888435
14.008163
14.113379
14.22585
14.45805
14.59229
14.675737
14.795465
14.893424
14.998639
15.121995
15.252608
15.354195
15.814966
16.047166
16.185034
16.297506
16.667574
16.961451
17.182766
17.382313
17.592744
17.839456
19.998186
20.346485
20.473469
20.676644
20.908844
21.536508
21.64898
21.728798
21.84127
21.946485
22.044444
22.1678
22.396372
22.835374
23.063946
23.303401
23.687982
23.898413
24.097959
24.322902
24.522449
24.740136
25.142857
25.458503
25.556463
25.781406
25.973696
26.58322
26.684807
26.764626
26.884354
26.993197
27.091156
27.207256
27.417687
27.533787
27.606349
27.722449
27.838549
27.936508
28.030839
28.244898
28.364626
28.437188
28.553288
28.651247
28.74195
28.843537
28.956009
29.082993
29.449433
29.64898
29.804989
29.892063
30.280272
30.53424
30.719274
30.936961
31.125624
31.357823
32.667574
33.004989
33.095692
33.331519
33.570975
34.198639
34.325624
34.416327
34.52517
34.644898
34.731973
34.880726
35.25805
35.555556
35.845805
36.379138
37.536508
37.870295
38.944218
39.524717
39.989116
40.108844
40.406349
40.645805
41.454875
41.585488
41.741497
41.897506
42.017234
42.144218
42.311111
42.586848
42.862585
43.160091
43.45034
44.43356
44.803628
45.180952
45.819501
46.142404
46.519728
47.20907
47.684354
48.123356
48.497052
48.896145
49.592744
