0.195556
0.766984
0.939683
1.333333
1.739683
2.755556
2.948571
3.111111
3.309206
3.499683
3.67746
3.875556
4.810159
4.965079
5.12254
5.264762
5.963175
6.56
7.258413
7.867937
8.528254
9.107302
9.429841
9.673651
9.953016
10.232381
11.817143
12.182857
12.271746
12.55619
12.80254
13.511111
13.633016
13.747302
13.869206
13.980952
14.090159
14.206984
14.455873
14.580317
14.686984
14.808889
14.920635
15.032381
15.136508
15.578413
16.027937
16.261587
16.48254
16.706032
16.906667
18.219683
18.56254
18.694603
18.938413
19.159365
19.804444
19.906032
20.015238
20.124444
20.233651
20.327619
20.446984
20.987937
21.089524
21.186032
21.320635
21.729524
22.16381
22.63619
23.04254
23.464127
23.890794
24.132063
24.330159
24.538413
24.726349
25.942857
26.262857
26.351746
26.600635
26.788571
27.428571
27.545397
27.624127
27.725714
27.824762
27.91619
28.015238
28.233651
28.342857
28.426667
28.528254
28.622222
28.71619
28.830476
29.234286
29.668571
29.879365
30.07746
30.306032
30.514286
31.753651
32.101587
32.220952
32.446984
32.647619
33.323175
33.434921
33.531429
33.625397
33.75746
33.84127
33.975873
34.453333
34.669206
34.902857
35.393016
36.546032
36.825397
37.295238
38.120635
38.262857
38.425397
38.570159
38.704762
38.864762
38.96127
39.149206
39.296508
39.418413
39.537778
39.629206
39.75873
39.890794
40.048254
40.63746
41.046349
41.180952
41.483175
41.765079
42.582857
42.725079
42.88
43.050159
43.161905
43.288889
43.456508
43.776508
44.096508
44.411429
44.772063
45.490794
46.839365
47.674921
