0.137868
0.44263
1.260408
1.502041
4.179592
4.460408
5.178776
5.420408
8.052245
8.261224
8.986122
9.195102
9.906939
10.115918
10.56
11.043265
11.774694
11.977143
12.192653
12.401633
12.610612
12.826122
13.048163
13.237551
13.453061
13.681633
13.890612
14.08
14.275918
14.51102
14.700408
14.909388
15.124898
15.327347
15.536327
15.712653
15.934694
16.124082
16.339592
16.52898
16.698776
16.894694
17.097143
17.293061
17.482449
17.684898
17.880816
18.070204
18.285714
18.468571
18.644898
18.847347
19.069388
19.252245
19.435102
19.62449
19.820408
19.996735
20.179592
20.395102
20.58449
20.747755
20.937143
21.12
21.720816
21.929796
22.138776
22.328163
23.268571
23.47102
23.666939
23.882449
24.862041
25.044898
25.639184
25.867755
26.462041
26.710204
27.278367
27.487347
27.715918
27.970612
28.577959
28.819592
29.074286
29.263673
29.916735
30.151837
30.29551
30.419592
30.550204
30.667755
30.876735
31.098776
31.340408
31.601633
32.287347
32.574694
32.816327
33.06449
33.286531
33.560816
34.259592
34.514286
37.97551
38.230204
39.105306
39.386122
40.241633
40.509388
41.39102
41.724082
42.684082
43.075918
43.513469
44.094694
