0.15093
0.423764
1.248073
1.503492
4.202812
4.464036
5.183855
5.410249
8.022494
8.254694
8.991927
9.218322
9.874286
10.1239
10.576689
11.035283
11.778322
11.993107
12.178866
12.370431
12.596825
12.829025
13.0322
13.241179
13.421134
13.653333
13.891338
14.082902
14.297687
14.500862
14.715646
14.924626
15.1278
15.330975
15.528345
15.748934
15.934694
16.126259
16.323628
16.515193
16.724172
16.921542
17.113107
17.310476
17.478821
17.693605
17.89678
18.07093
18.274104
18.483084
18.663039
18.860408
19.040363
19.255147
19.446712
19.620862
19.795011
19.992381
20.172336
20.369705
20.54966
20.758639
20.950204
21.147574
21.722268
21.908027
22.111202
22.291156
23.266395
23.486984
23.672744
23.846893
24.862766
25.048526
25.629025
25.79737
26.441723
26.633288
27.306667
27.504036
29.437098
29.692517
30.406531
30.632925
30.91737
31.103129
33.738594
34.023039
34.754467
35.027302
35.79356
36.0722
36.356644
36.594649
37.697596
38.817959
39.938322
41.08771
42.324172
44.042449
