0.148027
0.452789
0.757551
1.005714
1.221224
1.482449
1.750204
2.004898
2.266122
2.514286
2.76898
2.964898
3.219592
3.435102
3.722449
3.957551
4.212245
4.447347
4.68898
4.91102
5.146122
5.381224
5.65551
5.897143
6.138776
6.393469
6.61551
6.863673
7.059592
7.301224
7.555918
7.771429
8.019592
8.274286
8.548571
8.770612
8.973061
9.208163
9.462857
9.691429
9.906939
10.122449
10.34449
10.553469
10.651429
10.782041
10.919184
11.030204
11.284898
11.500408
11.73551
11.964082
12.192653
12.421224
12.623673
12.826122
13.048163
13.250612
13.459592
13.668571
13.87102
14.086531
14.275918
14.491429
14.72
14.93551
15.118367
15.320816
15.523265
15.738776
15.902041
16.117551
16.293878
16.502857
16.705306
16.901224
17.110204
17.306122
17.49551
17.684898
17.887347
18.089796
18.292245
18.481633
18.677551
18.866939
19.049796
19.252245
19.41551
19.611429
19.813878
20.003265
20.173061
20.382041
20.473469
20.571429
20.649796
20.754286
20.950204
21.152653
21.33551
21.564082
22.132245
22.308571
22.497959
22.700408
22.870204
23.092245
23.640816
23.810612
24.045714
24.248163
24.437551
24.653061
25.097143
25.299592
25.456327
25.835102
26.02449
26.246531
26.657959
26.873469
27.08898
27.506939
28.146939
28.349388
28.604082
28.832653
29.035102
29.250612
31.875918
32.071837
32.21551
32.352653
32.450612
32.555102
32.881633
33.057959
33.273469
33.567347
33.80898
34.02449
34.272653
34.514286
34.801633
35.023673
35.265306
35.539592
36.316735
36.577959
36.852245
37.113469
37.348571
37.707755
38.576327
38.82449
39.425306
39.673469
39.947755
40.809796
41.090612
41.652245
42.004898
42.403265
43.52
44.081633
45.890612
