0.156735
0.411429
1.195102
1.475918
2.259592
2.475102
2.729796
2.997551
3.219592
3.467755
3.72898
3.931429
4.199184
4.421224
5.146122
5.374694
6.132245
6.367347
6.569796
6.785306
7.085714
7.314286
7.56898
7.771429
8.019592
8.241633
8.933878
9.16898
9.867755
10.096327
10.546939
11.030204
11.715918
11.931429
12.16
12.37551
12.617143
12.819592
13.041633
13.250612
13.459592
13.668571
13.877551
14.073469
14.275918
14.497959
14.693878
14.883265
15.118367
15.320816
15.523265
15.738776
15.934694
16.143673
16.346122
16.52898
16.711837
16.914286
17.123265
17.325714
17.521633
17.71102
17.906939
18.089796
18.285714
18.494694
18.677551
18.873469
19.049796
19.258776
19.428571
19.62449
19.820408
20.003265
20.192653
20.36898
20.58449
20.741224
20.937143
21.126531
21.302857
21.511837
22.08
22.302041
22.517551
22.667755
22.863673
23.092245
23.634286
23.856327
24.026122
24.235102
24.42449
24.626939
25.018776
25.240816
25.436735
25.854694
26.03102
26.266122
26.677551
26.860408
27.08898
27.513469
28.558367
28.819592
29.048163
29.296327
29.884082
30.164898
30.28898
30.4
30.517551
30.648163
30.915918
31.124898
31.836735
32.078367
32.222041
32.359184
32.457143
32.568163
32.842449
33.057959
33.299592
33.528163
33.789388
34.03102
34.272653
34.514286
34.782041
35.023673
35.781224
36.062041
36.316735
36.610612
36.891429
37.126531
37.982041
38.256327
39.092245
39.379592
40.21551
40.542041
41.364898
41.658776
42.710204
43.030204
43.513469
44.04898
