0.170522
0.609524
0.747392
1.05941
1.360544
2.089796
2.227664
2.33288
2.46712
2.590476
2.721088
2.880726
3.595465
3.693424
3.805896
3.965533
4.495238
4.995918
5.561905
6.058957
6.526984
7.009524
7.285261
7.51746
7.7678
8.003628
8.431746
9.46576
9.824943
9.951927
10.202268
10.441723
11.138322
11.25805
11.356009
11.453968
11.599093
11.718821
11.831293
12.06712
12.172336
12.295692
12.37551
12.513379
12.636735
12.72381
13.170068
13.64898
13.877551
14.102494
14.334694
14.577778
15.967347
16.330159
16.489796
16.736508
16.986848
17.6
17.726984
17.824943
17.922902
18.068027
18.180499
18.318367
18.946032
19.051247
19.156463
19.290703
19.769615
20.237642
20.734694
21.188209
21.627211
22.058957
22.273016
22.505215
22.955102
23.263492
23.372336
24.36644
24.703855
24.823583
25.063039
25.29161
25.999093
26.097052
26.198639
26.303855
26.40907
26.521542
26.637642
26.887982
26.993197
27.116553
27.229025
27.345125
27.428571
27.541043
27.994558
28.477098
28.705669
28.919728
29.155556
29.365986
30.686621
31.063946
31.187302
31.44127
31.669841
32.348299
32.475283
32.576871
32.663946
32.776417
32.910658
33.04127
33.505669
33.712472
33.970068
34.441723
35.591837
35.845805
36.281179
37.046712
37.16644
37.30068
37.398639
37.525624
37.616327
37.78322
37.866667
37.968254
38.106122
38.243991
38.370975
38.487075
38.606803
38.733787
39.285261
39.720635
39.869388
40.163265
40.420862
41.208163
41.342404
41.476644
41.618141
41.756009
41.872109
42.013605
42.285714
42.586848
42.909751
43.207256
43.871202
45.188209
45.942857
