2.367347
2.759184
2.870204
3.147755
3.399184
4.225306
4.355918
4.470204
4.604082
4.754286
4.871837
4.979592
5.250612
5.795918
6.027755
6.253061
6.791837
7.030204
7.284898
7.503673
7.758367
7.986939
8.489796
8.871837
8.979592
9.240816
9.472653
10.200816
10.324898
10.429388
10.566531
10.684082
10.801633
10.912653
11.115102
11.373061
11.500408
11.608163
11.689796
11.804082
12.062041
12.133878
12.26449
12.385306
12.506122
12.59102
12.705306
12.845714
12.943673
13.404082
13.642449
13.773061
13.857959
14.354286
14.592653
14.834286
15.033469
15.275102
15.529796
17.857959
18.181224
18.285714
18.550204
18.778776
19.546122
19.660408
19.755102
19.885714
20.032653
20.124082
20.238367
20.509388
20.956735
21.185306
21.420408
21.80898
22.057143
22.331429
22.550204
22.788571
23.010612
23.435102
23.781224
23.905306
24.16
24.391837
25.087347
25.211429
25.319184
25.446531
25.557551
25.665306
25.766531
26.008163
26.102857
26.223673
26.341224
26.462041
26.553469
26.651429
26.902857
26.981224
27.092245
27.229388
27.30449
27.425306
27.552653
27.696327
27.794286
28.231837
28.466939
28.597551
28.711837
29.116735
29.404082
29.632653
29.861224
30.086531
30.318367
31.608163
31.977143
32.101224
32.359184
32.571429
33.266939
33.387755
33.505306
33.619592
33.724082
33.812245
33.916735
34.442449
34.661224
34.893061
35.353469
36.506122
36.777143
37.786122
38.285714
38.66449
38.782041
39.069388
39.369796
40.114286
40.248163
40.391837
40.662857
40.783673
40.90449
41.191837
41.453061
41.70449
41.982041
42.82449
43.154286
43.461224
44.156735
44.473469
44.819592
45.485714
45.857959
46.282449
46.72
47.314286
48.127347
