0.222041
0.463673
1.240816
1.443265
4.068571
4.336327
5.054694
5.309388
7.941224
8.21551
8.933878
9.188571
9.926531
10.148571
10.625306
11.108571
11.879184
12.114286
12.382041
12.623673
12.839184
13.093878
13.342041
13.564082
13.812245
14.040816
14.28898
14.478367
14.752653
14.974694
15.196735
15.425306
15.693061
15.902041
16.143673
16.359184
16.600816
16.822857
17.031837
17.28
17.521633
17.756735
17.985306
18.226939
18.435918
18.684082
18.945306
19.154286
19.395918
19.604898
19.826939
20.068571
20.284082
20.525714
20.760816
21.002449
21.244082
21.479184
21.694694
21.942857
22.158367
22.406531
22.667755
22.896327
23.627755
23.88898
24.156735
24.378776
25.586939
25.80898
26.083265
26.324898
27.513469
27.768163
28.466939
28.69551
29.433469
29.688163
30.445714
30.713469
30.994286
31.235918
31.967347
32.222041
32.502857
32.718367
33.456327
33.671837
33.802449
33.946122
34.076735
34.174694
34.429388
34.657959
34.906122
35.180408
35.937959
36.205714
36.48
36.669388
36.91102
37.165714
37.916735
38.197551
41.410612
41.639184
42.416327
42.651429
43.422041
43.676735
44.382041
44.623673
45.342041
45.635918
45.87102
46.230204
