0.188662
0.50068
1.17551
1.46576
4.078005
4.31746
5.057596
5.318821
7.92381
8.199546
8.92517
9.186395
9.904762
10.165986
10.644898
11.12381
11.892971
12.110658
12.371882
12.611338
12.836281
13.0322
13.307937
13.53288
13.794104
14.062585
14.287528
14.512472
14.759184
14.991383
15.230839
15.513832
15.731519
15.912925
16.166893
16.406349
16.61678
16.834467
17.088435
17.313379
17.545578
17.770522
17.96644
18.227664
18.459864
18.684807
18.909751
19.14195
19.388662
19.635374
19.87483
20.099773
20.310204
20.564172
20.781859
21.021315
21.246259
21.463946
21.72517
21.964626
22.211338
22.407256
22.682993
22.980499
23.63356
23.880272
24.141497
24.380952
25.563719
25.810431
26.086168
26.325624
27.50839
27.827664
28.422676
28.6839
29.395011
29.685261
30.468934
30.722902
32.899773
33.197279
33.922902
34.191383
34.474376
34.677551
37.384127
37.696145
38.370975
38.682993
39.401361
39.662585
39.887528
40.156009
41.135601
42.165986
43.160091
44.168707
45.162812
46.193197
