0.189388
0.489796
0.731429
0.992653
1.214694
1.482449
1.730612
1.959184
2.194286
2.429388
2.697143
2.925714
3.160816
3.395918
3.611429
3.866122
4.094694
4.323265
4.58449
4.832653
5.061224
5.302857
5.596735
5.838367
6.073469
6.308571
6.569796
6.817959
7.033469
7.242449
7.510204
7.764898
8.019592
8.248163
8.509388
8.692245
8.920816
9.195102
9.456327
9.684898
9.874286
10.13551
10.390204
10.631837
10.762449
10.866939
10.98449
11.102041
11.369796
11.611429
11.846531
12.101224
12.388571
12.623673
12.884898
13.100408
13.322449
13.583673
13.818776
14.034286
14.269388
14.530612
14.739592
14.981224
15.229388
15.457959
15.693061
15.921633
16.137143
16.372245
16.613878
16.84898
17.097143
17.319184
17.515102
17.756735
17.991837
18.226939
18.45551
18.697143
18.925714
19.160816
19.389388
19.611429
19.853061
20.081633
20.310204
20.564898
20.786939
21.022041
21.250612
21.485714
21.733878
21.942857
22.047347
22.145306
22.230204
22.432653
22.654694
22.92898
23.157551
23.412245
24.117551
24.411429
24.653061
24.868571
25.116735
25.371429
26.044082
26.292245
26.546939
26.788571
27.049796
27.271837
27.742041
27.983673
28.238367
28.721633
28.969796
29.244082
29.720816
30.008163
30.210612
30.726531
31.444898
31.777959
32.013061
32.228571
32.502857
32.74449
35.454694
35.702857
35.820408
35.977143
36.088163
36.212245
36.499592
36.728163
36.930612
37.172245
37.446531
37.688163
37.949388
38.18449
38.458776
38.680816
38.92898
39.183673
39.902041
40.163265
40.42449
40.64
40.888163
41.16898
41.926531
42.168163
42.723265
42.971429
43.213061
43.892245
44.146939
44.675918
44.884898
45.159184
45.955918
46.204082
47.986939
