0.16254
0.436825
1.188571
1.44254
2.194286
2.446803
2.681905
2.917007
3.134694
3.378503
3.59619
3.848707
4.092517
4.310204
5.067755
5.320272
6.042993
6.304218
6.495782
6.774422
7.035646
7.262041
7.50585
7.71483
7.984762
8.202449
8.951293
9.177687
9.909116
10.152925
10.588299
11.093333
11.850884
12.094694
12.364626
12.617143
12.83483
13.096054
13.313741
13.557551
13.810068
14.027755
14.236735
14.497959
14.733061
14.968163
15.194558
15.420952
15.664762
15.882449
16.134966
16.352653
16.587755
16.822857
17.075374
17.301769
17.536871
17.728435
17.998367
18.207347
18.468571
18.668844
18.912653
19.139048
19.356735
19.591837
19.844354
20.079456
20.30585
20.532245
20.767347
21.019864
21.246259
21.463946
21.716463
21.93415
22.212789
22.430476
22.648163
22.874558
23.135782
23.388299
24.137143
24.380952
24.650884
24.833741
25.094966
25.35619
26.078912
26.331429
26.557823
26.758095
26.993197
27.271837
27.733333
27.994558
28.255782
28.734694
28.961088
29.239728
29.736054
29.979864
30.241088
30.728707
31.96517
32.226395
32.513741
32.740136
33.41932
33.697959
33.828571
33.941769
34.063673
34.185578
34.438095
34.673197
35.430748
35.674558
35.787755
35.918367
36.04898
36.162177
36.440816
36.649796
36.902313
37.172245
37.389932
37.642449
37.921088
38.147483
38.4
38.661224
39.418776
39.671293
39.915102
40.158912
40.420136
40.637823
41.395374
41.674014
42.422857
42.710204
43.424218
43.69415
44.399456
44.651973
45.400816
45.662041
45.914558
46.193197
