0.166893
0.518821
1.378685
1.683447
4.727438
5.046712
5.848526
6.131519
8.954195
9.200907
9.440363
9.991837
10.263946
11.025850
11.283447
11.795011
12.295692
13.133787
13.373243
13.609070
13.837642
14.117007
14.338322
14.588662
14.842630
15.111111
15.361451
15.579138
15.796825
16.036281
16.297506
16.526077
16.772789
17.023129
17.222676
17.491156
17.726984
17.933787
18.173243
18.401814
18.648526
18.858957
19.080272
19.316100
19.508390
19.762358
19.994558
20.215873
20.433560
20.651247
20.836281
21.024943
21.217234
21.387755
21.612698
21.797732
21.975510
22.153288
22.334694
22.519728
22.682993
22.860771
23.045805
23.234467
23.390476
23.956463
24.156009
24.312018
24.529705
25.411338
25.603628
25.806803
25.999093
26.844444
27.007710
27.602721
27.795011
28.353741
28.546032
29.141043
29.318821
29.540136
29.743311
30.331066
30.530612
30.748299
30.882540
31.517460
31.702494
31.820408
31.916553
31.998186
32.145125
32.337415
32.513379
32.729252
32.926984
33.531066
33.756009
33.960998
34.140590
34.367347
34.608617
35.210884
35.397732
35.566440
37.950113
38.136961
38.719274
38.947846
39.586395
39.791383
40.473469
40.807256
41.863039
42.273016
42.695692
43.357823
