0.126984
0.523175
1.351111
1.660952
4.754286
5.043810
5.836190
6.130794
8.939683
9.224127
9.965714
10.285714
11.012063
11.281270
11.789206
12.307302
13.104762
13.379048
13.612698
13.856508
14.105397
14.328889
14.598095
14.811429
15.085714
15.288889
15.558095
15.786667
16.060952
16.299683
16.538413
16.772063
17.000635
17.244444
17.483175
17.711746
17.920000
18.184127
18.412698
18.626032
18.859683
19.093333
19.321905
19.525079
19.768889
19.977143
20.226032
20.429206
20.642540
20.840635
21.059048
21.252063
21.424762
21.592381
21.810794
21.998730
22.166349
22.344127
22.491429
22.689524
22.877460
23.075556
23.238095
23.451429
23.817143
23.979683
24.167619
24.365714
24.518095
25.412063
25.600000
25.818413
25.970794
26.813968
27.032381
27.626667
27.814603
28.337778
28.566349
29.145397
29.399365
31.080635
31.299048
31.908571
32.126984
32.370794
32.558730
34.788571
34.986667
35.570794
35.819683
36.363175
36.556190
36.764444
36.972698
37.729524
38.532063
39.365079
40.223492
41.452698
43.240635
