0.168345
0.476009
0.801088
1.085533
1.374331
1.661678
1.998367
2.237823
2.535329
2.809615
3.147392
3.376508
3.691429
3.950476
4.260317
4.514286
4.774603
5.042540
5.330794
5.592381
5.847619
6.106667
6.421587
6.689524
6.933333
7.203810
7.443810
7.723175
7.975873
8.251429
8.496508
8.745397
9.018413
9.277460
9.566984
9.794286
10.019048
10.285714
10.546032
10.786032
11.006984
11.274921
11.533968
11.761270
11.940317
12.085079
12.172698
12.295873
12.582857
12.855873
13.111111
13.366349
13.644444
13.878095
14.138413
14.347937
14.617143
14.853333
15.088254
15.337143
15.574603
15.814603
16.060952
16.299683
16.546032
16.782222
17.023492
17.248254
17.473016
17.707937
17.969524
18.200635
18.421587
18.633651
18.874921
19.111111
19.334603
19.565714
19.760000
19.978413
20.185397
20.373333
20.594286
20.813968
21.034921
21.206349
21.393016
21.594921
21.777778
21.965714
22.138413
22.330159
22.492698
22.686984
22.796190
22.901587
22.958730
23.046349
23.229206
23.408254
23.588571
23.786667
24.328889
24.497778
24.650159
24.874921
25.032381
25.243175
25.763810
25.918730
26.095238
26.299683
26.457143
26.652698
27.042540
27.235556
27.413333
27.796825
27.955556
28.179048
28.552381
28.766984
28.954921
29.348571
29.932698
30.147302
30.342857
30.505397
30.706032
30.904127
33.135238
33.344762
33.451429
33.541587
33.621587
33.721905
33.899683
34.003810
34.161270
34.361905
34.567619
34.794921
34.956190
35.139048
35.348571
35.554286
35.749841
35.940317
36.152381
36.711111
36.924444
37.123810
37.330794
37.516190
37.737143
38.302222
38.532063
38.913016
39.144127
39.377778
40.035556
40.289524
40.813968
41.074286
41.453968
42.676825
43.217778
44.374603
