0.156009
0.478912
1.360544
1.687075
2.550567
2.840816
3.120181
3.417687
3.668027
3.951020
4.241270
4.495238
4.807256
5.028571
5.826757
6.106122
6.933333
7.216327
7.459410
7.749660
7.978231
8.235828
8.457143
8.721995
8.986848
9.211791
10.009977
10.242177
11.025850
11.272562
11.769615
12.302948
13.104762
13.369615
13.641723
13.866667
14.109751
14.331066
14.603175
14.831746
15.096599
15.317914
15.575510
15.764172
16.036281
16.282993
16.529705
16.761905
17.012245
17.222676
17.491156
17.705215
17.933787
18.147846
18.409070
18.641270
18.855329
19.080272
19.341497
19.555556
19.787755
20.016327
20.237642
20.455329
20.658503
20.854422
21.046712
21.253515
21.442177
21.645351
21.801361
21.986395
22.156916
22.341950
22.512472
22.697506
22.886168
23.063946
23.238095
23.423129
23.586395
23.775057
24.380952
24.529705
24.718367
24.881633
25.052154
25.262585
25.752381
25.962812
26.140590
26.318367
26.488889
26.684807
27.091156
27.279819
27.446712
27.791383
27.987302
28.226757
28.618594
28.800000
29.014059
29.434921
30.341950
30.534240
30.730159
30.933333
31.502948
31.720635
31.822222
31.936508
32.025397
32.132063
32.340317
32.538413
33.150476
33.353651
33.457778
33.561905
33.663492
33.777778
33.970794
34.146032
34.374603
34.577778
34.798730
34.999365
35.187302
35.385397
35.570794
35.786667
36.383492
36.561270
36.751746
36.960000
37.163175
37.338413
37.940317
38.148571
38.750476
38.948571
39.573333
39.789206
40.502857
40.812698
41.780317
42.196825
42.694603
43.321905
