0.161088
0.422313
1.210340
1.462857
4.266667
4.519184
5.246259
5.494422
8.285170
8.528980
9.277823
9.552109
10.327075
10.579592
11.093333
11.576599
12.382041
12.638912
12.887075
13.148299
13.413878
13.666395
13.918912
14.162721
14.410884
14.667755
14.894150
15.133605
15.412245
15.647347
15.908571
16.161088
16.417959
16.666122
16.905578
17.162449
17.410612
17.650068
17.898231
18.128980
18.377143
18.616599
18.873469
19.112925
19.356735
19.631020
19.866122
20.131701
20.366803
20.623673
20.863129
21.098231
21.328980
21.598912
21.816599
22.038639
22.312925
22.543673
22.791837
23.053061
23.283810
23.536327
23.801905
24.050068
24.820680
25.064490
25.330068
25.595646
26.827755
27.058503
27.311020
27.607075
28.817415
29.061224
29.836190
30.088707
30.898503
31.172789
31.947755
32.165442
32.422313
32.731429
33.497687
33.780680
34.063673
34.316190
35.065034
35.317551
35.451066
35.604898
35.738413
35.880635
36.136054
36.374059
36.617868
36.928435
37.694694
37.976236
38.266485
38.507392
38.786032
39.021134
39.801905
40.124082
43.418413
43.665125
44.431383
44.710023
45.438549
45.714286
46.454422
46.724354
47.516735
47.777959
48.021769
48.346848
