0.143673
0.470204
1.214694
1.515102
4.251429
4.532245
5.244082
5.531429
8.222041
8.509388
9.273469
9.613061
10.324898
10.586122
11.075918
11.572245
12.375510
12.610612
12.917551
13.120000
13.387755
13.629388
13.890612
14.125714
14.393469
14.641633
14.902857
15.157551
15.405714
15.621224
15.908571
16.163265
16.417959
16.672653
16.940408
17.188571
17.404082
17.658776
17.906939
18.148571
18.390204
18.651429
18.886531
19.134694
19.356735
19.598367
19.859592
20.107755
20.362449
20.597551
20.858776
21.100408
21.348571
21.629388
21.857959
22.086531
22.328163
22.556735
22.831020
23.040000
23.294694
23.562449
23.797551
24.117551
24.796735
25.044898
25.332245
25.567347
26.788571
27.082449
27.356735
27.591837
28.806531
29.159184
29.831837
30.138776
30.863673
31.157551
31.921633
32.208980
34.494694
34.827755
35.578776
35.833469
36.140408
36.342857
39.268571
39.549388
40.306939
40.620408
41.332245
41.534694
41.867755
42.109388
43.154286
44.179592
45.204898
46.217143
47.275102
48.333061
