0.160000
0.447347
0.742857
0.994286
1.226122
1.490612
1.763265
2.001633
2.249796
2.507755
2.780408
3.049796
3.271837
3.523265
3.774694
4.052245
4.259592
4.520816
4.786939
5.044898
5.244082
5.544490
5.802449
6.027755
6.315102
6.525714
6.809796
7.054694
7.283265
7.485714
7.782857
8.014694
8.293878
8.537143
8.814694
9.057959
9.278367
9.511837
9.789388
10.057143
10.288980
10.530612
10.795102
11.057959
11.204898
11.342041
11.428571
11.588571
11.869388
12.112653
12.390204
12.633469
12.876735
13.129796
13.382857
13.645714
13.890612
14.135510
14.398367
14.646531
14.904490
15.164082
15.402449
15.644082
15.905306
16.151837
16.408163
16.648163
16.919184
17.168980
17.417143
17.658776
17.887347
18.137143
18.373878
18.626939
18.889796
19.129796
19.377959
19.624490
19.875918
20.127347
20.354286
20.568163
20.835918
21.088980
21.327347
21.564082
21.805714
22.062041
22.300408
22.563265
22.786939
23.028571
23.173878
23.301224
23.391020
23.536327
23.787755
24.055510
24.300408
24.571429
25.314286
25.560816
25.840000
26.053878
26.316735
26.576327
27.281633
27.562449
27.853061
28.055510
28.318367
28.586122
29.111837
29.342041
29.626122
30.120816
30.400000
30.680816
31.170612
31.436735
31.686531
32.212245
32.989388
33.250612
33.498776
33.746939
34.013061
34.220408
37.185306
37.461224
37.611429
37.737143
37.851429
37.996735
38.241633
38.413061
38.764082
39.028571
39.288163
39.534694
39.789388
40.055510
40.326531
40.571429
40.816327
41.080816
41.808980
42.086531
42.337959
42.613878
42.904490
43.152653
43.929796
44.177959
44.723265
44.971429
45.237551
45.978776
46.251429
46.729796
47.000816
47.266939
48.042449
48.377143
49.915102
