0.133878
0.429206
1.213968
1.483175
2.247619
2.524444
2.763175
3.020408
3.245351
3.526531
3.740590
3.998186
4.243084
4.487982
5.255329
5.514739
6.256689
6.545125
6.760998
7.027664
7.256236
7.517460
7.767800
8.001814
8.244898
8.511565
9.271655
9.534694
10.291156
10.536054
11.027664
11.562812
12.341043
12.609524
12.878005
13.117460
13.376871
13.647166
13.899320
14.131519
14.387302
14.630385
14.893424
15.132880
15.388662
15.642630
15.894785
16.150567
16.397279
16.645805
16.894331
17.128345
17.391383
17.645351
17.901134
18.156916
18.387302
18.626757
18.878912
19.127438
19.381406
19.617234
19.849433
20.092517
20.353741
20.595011
20.843537
21.084807
21.346032
21.565533
21.814059
22.058957
22.298413
22.539683
22.790023
23.034921
23.279819
23.530159
23.809524
24.041723
24.281179
24.562358
25.282540
25.547392
25.814059
26.062585
26.340136
26.595918
27.296145
27.557370
27.769615
28.052608
28.295692
28.582313
29.073923
29.336961
29.627211
30.124263
30.363719
30.643084
31.196372
31.444898
31.706122
32.215873
33.483900
33.772336
34.039002
34.298413
35.047619
35.325170
35.480091
35.584762
35.715556
35.840000
36.114286
36.353016
37.191111
37.450159
37.598730
37.701587
37.818413
37.977143
38.242540
38.473651
38.725079
38.991746
39.272381
39.514921
39.785397
40.022857
40.283175
40.530794
41.309206
41.579683
41.856508
42.114286
42.370794
42.626032
43.404444
43.676190
44.416508
44.723810
45.498413
45.744762
46.495238
46.733968
47.527619
47.804444
48.067302
48.341587
