0.164082
0.440816
1.106939
1.355102
3.918367
4.110204
4.807347
5.061224
7.616327
7.823673
8.524898
8.737959
9.434286
9.640816
10.118367
10.552653
11.284082
11.497143
11.733878
11.967347
12.177959
12.391020
12.641633
12.846531
13.099592
13.283265
13.515918
13.698776
13.950204
14.173878
14.399184
14.594286
14.842449
15.049796
15.266939
15.491429
15.703673
15.920000
16.140408
16.355102
16.573878
16.796735
17.025306
17.222857
17.462857
17.656327
17.871020
18.096327
18.325714
18.539592
18.773878
18.986122
19.191020
19.401633
19.625306
19.830204
20.056327
20.272653
20.485714
20.737959
20.941224
21.160816
21.374694
21.586122
22.326531
22.548571
22.746939
23.003265
24.097959
24.306122
24.486531
24.764082
25.862857
26.102857
26.754286
26.963265
27.685714
27.901224
28.590204
28.754286
29.089796
29.305306
29.980408
30.228571
30.448980
30.693878
31.341224
31.543673
31.681633
31.831020
31.923265
32.070204
32.302857
32.480816
32.733061
32.950204
33.650612
33.874286
34.115918
34.319184
34.546122
34.791020
35.460408
35.681633
38.710204
38.938776
39.654694
39.869388
40.589388
40.791020
41.539592
41.786939
42.462041
42.715918
42.995918
43.337143
