0.133968
0.423492
1.125714
1.373333
3.899683
4.146667
4.836825
5.083175
7.606984
7.850159
8.531429
8.780317
9.427302
9.684444
10.133333
10.565079
11.284444
11.520635
11.726349
11.949841
12.171429
12.409524
12.614603
12.848889
13.052698
13.271111
13.508571
13.716825
13.958730
14.197460
14.398730
15.719365
15.949206
16.150476
16.363810
16.575873
16.797460
17.031746
17.202540
17.469841
17.676825
17.900317
18.128889
18.335238
18.542222
18.751746
18.977143
19.210159
19.431746
19.645714
19.850159
20.072381
20.281270
20.499683
20.701587
20.931429
21.154286
21.358730
21.631111
22.317460
22.532063
22.697778
22.989206
24.078730
24.300952
24.531429
24.747302
25.835102
26.220408
26.746122
27.010612
27.652245
27.846531
28.612245
28.868571
30.881633
31.116735
31.812245
32.014694
32.210612
32.413061
34.989388
35.244082
35.900408
36.194286
36.855510
37.059592
37.293061
37.526531
38.488163
39.415510
40.346122
41.263673
42.220408
43.296327
