0.156735
0.424490
0.665397
0.910658
1.111655
1.348209
1.604354
1.832200
2.047710
2.297324
2.518639
2.767528
2.937324
3.237007
3.463401
3.689796
3.921995
4.144762
4.351565
4.646893
4.821043
5.061950
5.323900
5.539410
5.762177
6.000181
6.259955
6.498685
6.707664
6.902857
7.155374
7.418776
7.648073
7.873016
8.127710
8.294603
8.509388
8.749569
8.986848
9.224853
9.425125
9.662404
9.877914
10.098503
10.198639
10.291519
10.341587
10.404717
10.545488
10.798730
11.022948
11.257324
11.482993
11.723900
11.951020
12.181769
12.420499
12.616417
12.847166
13.047438
13.283991
13.499501
13.712834
13.925442
14.159819
14.389116
14.604626
14.851338
15.061769
15.277279
15.483356
15.717732
15.937596
16.153832
16.359909
16.576871
16.796009
17.036190
17.253878
17.454875
17.688526
17.879365
18.127528
18.337234
18.578866
18.780590
18.991746
19.197098
19.424943
19.853061
20.056236
20.270295
20.481451
20.715828
20.862404
20.979955
21.064853
21.168617
21.402268
21.622132
21.823855
22.087982
22.817959
22.984127
23.195283
23.452154
23.619048
23.866485
24.568163
24.756100
24.972336
25.182041
25.402630
25.631202
26.152925
26.356825
26.539683
27.006984
27.225397
27.453968
27.943764
28.159274
28.398730
28.863129
29.552472
29.770159
30.003084
30.205533
30.445714
30.685170
33.173333
33.398277
33.554286
33.660952
33.831474
34.106485
34.306757
34.533878
34.759546
35.033832
35.215964
35.459048
35.686168
35.947392
36.143311
36.374785
36.646168
37.255692
37.529252
37.751293
38.000181
38.236009
38.492154
39.222132
39.473197
39.903492
40.129887
40.364989
41.048526
41.298866
41.760363
41.973696
42.228390
42.999002
43.249342
45.159909
