0.165442
0.391837
1.088435
1.340952
2.102857
2.290794
2.497778
2.773333
2.957460
3.220317
3.462857
3.693968
3.937778
4.152381
4.793651
5.052698
5.765079
6.005079
6.213333
6.477460
6.698413
6.934603
7.159365
7.387937
7.602540
7.840000
8.533333
8.763175
9.420952
9.672381
10.110476
10.577778
11.282540
11.517460
11.726984
11.946667
12.180317
12.413968
12.636190
12.864762
13.074286
13.293968
13.522540
13.751111
13.942857
14.180317
14.427937
14.638730
14.826667
15.048889
15.267302
15.499683
15.706667
15.947937
16.142222
16.373333
16.576508
16.796190
17.008254
17.257143
17.459048
17.704127
17.895873
18.134603
18.314921
18.548571
18.765714
18.990476
19.186032
19.403175
19.639365
19.853968
20.066032
20.264127
20.496508
20.718730
20.923175
21.169524
21.386667
21.607619
21.831111
22.121905
22.796190
23.000635
23.244444
23.448889
23.659683
23.890794
24.529524
24.753016
24.976508
25.197460
25.408254
25.644444
26.128254
26.332698
26.538413
26.973968
27.219048
27.467937
27.927619
28.147302
28.400000
28.883810
29.998730
30.250159
30.467302
30.746667
31.354921
31.603810
31.696508
31.757460
31.822222
32.015238
32.306032
32.553651
33.197460
33.433651
33.535238
33.639365
33.740952
33.862857
34.116825
34.336508
34.551111
34.783492
34.998095
35.219048
35.457778
35.686349
35.908571
36.142222
36.801270
37.042540
37.259683
37.508571
37.758730
37.993651
38.699683
38.957460
39.644444
39.894603
40.609524
40.806349
41.530159
41.756190
42.464762
42.686984
42.947302
43.335873
