0.190476
0.436825
1.180952
1.445079
4.073651
4.307302
5.031111
5.259683
7.931429
8.193016
8.896508
9.165714
9.886984
10.107937
10.570159
11.100952
11.855238
12.099048
12.347937
12.589206
12.820317
13.069206
13.300317
13.526349
13.767619
14.011429
14.232381
14.460952
14.699683
14.935873
15.161905
15.403175
15.629206
15.875556
16.114286
16.330159
16.576508
16.787302
17.028571
17.252063
17.480635
17.721905
17.955556
18.179048
18.425397
18.661587
18.88
19.12381
19.36254
19.59619
19.817143
20.060952
20.281905
20.495238
20.733968
20.977778
21.19619
21.429841
21.650794
21.907302
22.128254
22.377143
22.63619
22.874921
23.624127
23.880635
24.121905
24.380952
25.556825
25.823492
26.062222
26.356825
27.545397
27.781587
28.487619
28.756825
29.460317
29.716825
30.450794
30.714921
30.948571
31.225397
31.941587
32.213333
32.452063
32.680635
33.427302
33.653333
33.805714
33.914921
34.019048
34.16381
34.412698
34.64127
34.915556
35.169524
35.895873
36.15746
36.40381
36.650159
36.891429
37.221587
37.909841
38.179048
41.292698
41.544127
42.298413
42.554921
43.296508
43.575873
44.251429
44.497778
45.241905
45.503492
45.732063
46.041905
