0.206077
0.467302
1.158095
1.433832
4.054785
4.330522
5.05034
5.30576
7.915102
8.182132
8.90195
9.183492
9.891701
10.141315
10.591202
11.081723
11.850884
12.068571
12.332698
12.573605
12.817415
13.05542
13.287619
13.528526
13.783946
14.007438
14.251247
14.497959
14.715646
14.930431
15.171338
15.420952
15.641542
15.896961
16.126259
16.349751
16.555828
16.822857
17.063764
17.258231
17.496236
17.719728
17.98966
18.218957
18.445351
18.648526
18.895238
19.112925
19.353832
19.591837
19.844354
20.067846
20.288435
20.558367
20.764444
20.987937
21.211429
21.440726
21.684535
21.89932
22.125714
22.375329
22.619138
22.85424
23.600181
23.846893
24.119728
24.363537
25.568073
25.80898
26.052789
26.305306
27.524354
27.762358
28.464762
28.755011
29.469025
29.785397
30.461678
30.73161
32.876553
33.181315
33.834376
34.168163
34.446803
34.667392
37.427664
38.362268
38.667029
39.340408
39.58712
39.845442
40.097959
41.073197
42.068753
43.073016
44.042449
45.029297
46.074195
