0.150204
0.43102
0.703129
0.955646
1.177687
1.42585
1.70449
1.922177
2.165986
2.442449
2.681905
2.936599
3.12381
3.378503
3.585306
3.870476
4.088163
4.316735
4.571429
4.826122
5.035102
5.291973
5.555374
5.786122
6.032109
6.271565
6.495782
6.765714
7.00517
7.216327
7.490612
7.721361
7.989116
8.239456
8.481088
8.690068
8.905578
9.164626
9.438912
9.67619
9.898231
10.122449
10.381497
10.620952
10.762449
10.875646
10.95619
11.086803
11.369796
11.611429
11.84
12.08381
12.329796
12.597551
12.808707
13.069932
13.302857
13.535782
13.770884
13.997279
14.22585
14.474014
14.687347
14.926803
15.166259
15.416599
15.642993
15.869388
16.10449
16.339592
16.561633
16.822857
17.047075
17.288707
17.506395
17.743673
17.994014
18.216054
18.440272
18.66449
18.888707
19.136871
19.354558
19.591837
19.831293
20.057687
20.294966
20.519184
20.756463
20.989388
21.22449
21.437823
21.662041
21.897143
22.058231
22.167075
22.247619
22.389116
22.635102
22.907211
23.111837
23.440544
24.10449
24.339592
24.572517
24.82068
25.060136
25.317007
26.098503
26.314014
26.570884
26.779864
27.023673
27.26966
27.781224
28.027211
28.268844
28.76517
29.011156
29.237551
29.738231
29.949388
30.238912
30.741769
31.427483
31.719184
31.982585
32.206803
32.457143
32.668299
35.404626
35.724626
35.837823
35.95102
36.053333
36.179592
36.423401
36.675918
36.917551
37.18966
37.418231
37.629388
37.873197
38.140952
38.402177
38.624218
38.854966
39.11619
39.810612
40.07619
40.330884
40.557279
40.809796
41.103673
41.81551
42.072381
42.573061
42.842993
43.086803
43.796463
44.059864
44.482177
44.769524
45.069932
45.79483
46.053878
48.191565
