0.169796
0.413605
1.179864
1.438912
2.161633
2.401088
2.653605
2.897415
3.136871
3.376327
3.602721
3.833469
4.059864
4.327619
5.019864
5.302857
6.032109
6.297687
6.497959
6.757007
6.972517
7.22068
7.492789
7.703946
7.934694
8.17415
8.912109
9.16898
9.863401
10.113741
10.597007
11.065034
11.813878
12.081633
12.338503
12.571429
12.817415
13.037279
13.278912
13.514014
13.764354
13.982041
14.212789
14.454422
14.680816
14.911565
15.155374
15.39483
15.621224
15.843265
16.106667
16.333061
16.585578
16.809796
17.044898
17.277823
17.515102
17.724082
17.948299
18.198639
18.438095
18.67102
18.906122
19.134694
19.350204
19.591837
19.809524
20.038095
20.275374
20.488707
20.739048
20.956735
21.200544
21.431293
21.679456
21.918912
22.14966
22.373878
22.617687
22.850612
23.105306
23.368707
24.095782
24.346122
24.607347
24.833741
25.086259
25.354014
26.033197
26.298776
26.536054
26.786395
27.036735
27.317551
27.811701
28.005442
28.26449
28.732517
28.950204
29.244082
29.740408
29.962449
30.234558
30.669932
31.925986
32.193741
32.450612
32.685714
33.428027
33.654422
33.80898
33.941769
34.146395
34.42068
34.655782
35.417687
35.657143
35.796463
35.920544
36.029388
36.142585
36.434286
36.66068
36.893605
37.133061
37.420408
37.631565
37.892789
38.132245
38.382585
38.635102
39.329524
39.599456
39.856327
40.07619
40.350476
40.579048
41.295238
41.545578
42.303129
42.590476
43.256599
43.550476
44.247075
44.540952
45.263673
45.537959
45.770884
46.086531
