0.167619
0.533333
1.457778
1.737143
5.221587
5.511111
6.435556
6.740317
10.173968
10.468571
11.418413
11.723175
12.571429
12.871111
13.551746
14.135873
15.040000
15.288889
15.527619
15.781587
16.040635
16.294603
16.558730
16.802540
17.005714
17.239365
17.483175
17.701587
17.909841
18.153651
18.361905
18.570159
18.803810
19.006984
19.271111
19.479365
19.687619
19.931429
20.114286
20.322540
20.520635
20.723810
20.916825
21.130159
21.318095
21.511111
21.683810
21.917460
22.130794
22.318730
22.496508
22.699683
22.897778
23.075556
23.268571
23.415873
23.634286
23.827302
24.010159
24.187937
24.355556
24.528254
24.721270
24.924444
25.488254
25.686349
25.904762
26.082540
26.991746
27.169524
27.393016
27.555556
28.454603
28.637460
29.196190
29.414603
30.100317
30.283175
30.953651
31.197460
31.441270
31.659683
32.386032
32.640000
32.883810
33.127619
33.853968
34.118095
34.316190
34.427937
34.544762
34.697143
34.966349
35.149206
35.713016
36.520635
36.749206
37.043810
37.272381
37.526349
37.826032
38.532063
38.801270
42.270476
42.585397
43.367619
43.626667
44.469841
44.784762
45.617778
45.892063
46.786032
47.166984
47.486984
47.857778
