0.174150
0.574694
1.428027
1.758912
5.207075
5.546667
6.426122
6.730884
10.126803
10.457687
11.415510
11.728980
12.591020
12.895782
13.540136
14.123537
15.011701
15.255510
15.560272
15.795374
16.030476
16.309116
16.526803
16.761905
16.988299
17.240816
17.493333
17.754558
17.954830
18.163810
18.390204
18.616599
18.816871
19.051973
19.252245
19.522177
19.705034
19.905306
20.079456
20.297143
20.567075
20.776054
20.941497
21.167891
21.342041
21.533605
21.725170
21.925442
22.125714
22.343401
22.517551
22.709116
22.909388
23.100952
23.283810
23.449252
23.640816
23.814966
24.032653
24.198095
24.433197
24.572517
24.764082
24.981769
25.521633
25.704490
25.922177
26.105034
26.653605
26.975782
27.167347
27.376327
27.541769
28.447347
28.682449
29.257143
29.483537
30.032109
30.258503
30.928980
31.172789
33.367075
33.680544
34.359728
34.655782
34.899592
35.178231
37.999456
38.286803
39.000816
39.262041
40.019592
40.324354
40.602993
40.890340
41.943946
43.075918
44.216599
45.322449
46.454422
47.873741
