0.165442
0.531156
0.870748
1.166803
1.454150
1.750204
2.142041
2.438095
2.777687
3.065034
3.430748
3.683265
4.005442
4.292789
4.684626
4.954558
5.241905
5.537959
5.834014
6.156190
6.426122
6.774422
7.096599
7.392653
7.740952
8.089252
8.385306
8.690068
8.994830
9.317007
9.621769
9.874286
10.161633
10.509932
10.866939
11.162993
11.371973
11.711565
12.007619
12.338503
12.625850
12.904490
13.226667
13.487891
13.705578
13.853605
13.958095
14.106122
14.454422
14.698231
14.985578
15.255510
15.534150
15.804082
16.039184
16.274286
16.535510
16.753197
16.988299
17.188571
17.467211
17.684898
17.911293
18.128980
18.346667
18.616599
18.808163
19.034558
19.226122
19.469932
19.687619
19.914014
20.096871
20.305850
20.497415
20.732517
20.915374
21.115646
21.524898
21.733878
21.916735
22.125714
22.291156
22.491429
22.700408
22.900680
23.100952
23.292517
23.457959
23.632109
23.832381
24.015238
24.180680
24.328707
24.441905
24.572517
24.755374
24.920816
25.094966
25.312653
25.878639
26.061497
26.235646
26.453333
26.610068
26.827755
27.376327
27.515646
27.707211
27.898776
28.081633
28.273197
28.725986
28.908844
29.074286
29.474830
29.648980
29.875374
30.328163
30.537143
30.754830
31.198912
31.912925
32.165442
32.435374
32.653061
32.896871
33.140680
35.979320
36.275374
36.440816
36.571429
36.728163
37.024218
37.250612
37.485714
37.746939
38.016871
38.208435
38.495782
38.722177
39.053061
39.244626
39.505850
39.801905
40.550748
40.811973
41.125442
41.421497
41.665306
42.004898
42.884354
43.075918
43.668027
43.903129
44.251429
45.078639
45.348571
45.949388
46.228027
46.532789
47.490612
47.873741
49.580408
