0.156735
0.557279
1.462857
1.793741
2.716735
3.082449
3.378503
3.726803
4.022857
4.318912
4.632381
4.911020
5.259320
5.555374
6.426122
6.757007
7.732245
8.115374
8.359184
8.655238
8.933878
9.247347
9.543401
9.926531
10.118095
10.501224
11.424218
11.720272
12.608435
12.904490
13.514014
14.123537
14.994286
15.290340
15.516735
15.777959
16.039184
16.300408
16.509388
16.788027
17.049252
17.240816
17.467211
17.676190
17.937415
18.111565
18.303129
18.564354
18.790748
19.034558
19.260952
19.469932
19.713741
19.905306
20.108481
20.334875
20.520635
20.735420
20.950204
21.135964
21.333333
21.542313
21.733878
21.937052
22.140227
22.349206
22.540771
22.720726
22.894875
23.092245
23.283810
23.463764
23.626304
23.823673
24.015238
24.200998
24.404172
24.584127
24.769887
24.938231
25.118186
25.315556
25.919274
26.052789
26.261769
26.435918
26.598458
26.807438
27.387937
27.533061
27.718821
27.892971
28.090340
28.293515
28.694059
28.897234
29.071383
29.413878
29.617052
29.872472
30.313651
30.505215
30.714195
31.184399
32.391837
32.664671
32.931701
33.146485
33.872109
34.104308
34.272653
34.353923
34.440998
34.632562
34.893787
35.172426
36.002540
36.257959
36.426304
36.530794
36.658503
36.768798
37.041633
37.262222
37.494422
37.732426
38.005261
38.266485
38.498685
38.730884
38.951474
39.247528
40.083447
40.315646
40.582676
40.855510
41.110930
41.348934
42.248707
42.538957
43.363265
43.630295
44.239819
44.489433
44.779683
45.592381
45.882630
46.817234
47.119093
47.444172
47.891156
