0.16254
0.759365
1.224127
1.351111
2.206984
2.344127
2.466032
2.582857
2.707302
2.831746
2.95873
3.093333
3.220317
3.339683
3.512381
4.093968
4.566349
4.667937
5.506032
5.635556
5.76254
5.886984
6.016508
6.143492
6.275556
6.384762
6.524444
6.63619
6.778776
7.332245
7.709388
7.856327
8.174694
8.736327
9.330612
9.63102
9.911837
10.205714
10.497959
11.01551
11.629388
11.92
12.179592
12.476735
12.801633
13.085714
13.71102
14.021224
14.284082
14.74449
14.865306
15.740408
15.859592
16.003265
16.120816
16.248163
16.382041
16.527347
16.641633
16.798367
16.912653
17.051429
17.63102
18.076735
18.20898
19.06449
19.203265
19.325714
19.451429
19.577143
19.714286
19.853061
19.97551
20.097959
20.21551
20.395102
20.973061
21.480816
21.84
22.37551
22.739592
22.979592
23.288163
23.518367
23.80898
24.084898
24.334694
24.675918
25.244082
25.524898
25.751837
26.04898
26.326531
26.617143
27.817143
28.228571
28.35102
28.924082
29.330612
29.521633
29.813878
30.115918
31.325714
31.6
31.902041
32.187755
32.478367
32.728163
33.026939
33.340408
33.62449
34.158367
34.778776
35.405714
35.567347
35.689796
35.80898
35.926531
36.057143
36.18449
36.311837
36.460408
37.049796
37.485714
37.621224
37.955918
38.078367
38.212245
38.354286
38.488163
38.605714
38.780408
39.351837
39.787755
39.910204
40.204082
40.367347
40.50449
40.628571
40.764082
40.870204
40.981224
41.136327
41.319184
41.882449
42.444082
42.994286
43.712653
44.026122
44.323265
44.592653
