0.169796
0.77932
1.219048
1.306122
2.721088
2.851701
2.973605
3.091156
3.217415
3.326259
3.500408
4.118639
4.51483
4.623673
6.016871
6.134422
6.273741
6.409796
6.51102
6.644898
6.801633
7.046531
7.363265
7.742041
7.869388
8.166531
8.711837
9.286531
9.675102
10.501224
11.085714
11.621224
12.006531
12.261224
12.483265
12.796735
13.090612
13.740408
14.29551
14.873469
15.719184
15.990204
16.274286
16.52898
16.760816
17.093878
17.635918
18.187755
19.075918
19.340408
19.604898
19.882449
20.130612
20.411429
20.943673
21.479184
22.354286
22.968163
23.275102
23.526531
23.807347
24.084898
24.349388
24.656327
24.907755
25.208163
25.49551
25.782857
26.034286
26.334694
26.612245
27.761633
28.114286
28.313469
28.956735
29.240816
29.485714
29.818776
30.210612
31.386122
31.621224
31.947755
32.153469
32.483265
32.724898
33.061224
33.306122
33.590204
34.187755
34.716735
35.510204
35.640816
35.764898
35.918367
36.029388
36.166531
36.326531
36.489796
37.067755
37.49551
37.596735
38.093061
38.233469
38.370612
38.491429
38.622041
38.742857
39.340408
39.758367
39.879184
40.326531
40.453878
40.587755
40.702041
40.842449
40.982857
41.286531
41.867755
42.478367
42.997551
43.738776
44.026122
44.284082
44.613878
