0.17415
0.763356
1.219048
1.343855
1.924354
2.072381
2.194286
2.307483
2.458413
2.609342
2.728345
2.853152
2.980862
3.108571
3.227574
3.338776
3.510204
4.112653
4.509388
4.657959
5.226122
5.382857
5.510204
5.640816
5.761633
5.893878
6.02449
6.151837
6.274286
6.4
6.520816
6.649796
6.8
7.340408
7.755102
7.877551
8.155102
8.74449
9.330612
9.611429
9.867755
10.179592
10.460408
10.564898
10.635102
10.715102
10.795102
10.914286
11.09551
11.64898
11.959184
12.525714
12.612245
12.674286
12.777143
12.863673
12.958367
13.036735
13.118367
13.717551
14.300408
14.755918
14.914286
15.46449
15.621224
15.766531
15.879184
16.021224
16.151837
16.266122
16.393469
16.519184
16.653061
16.778776
16.891429
17.056327
17.627755
18.04898
18.225306
18.778776
18.924082
19.067755
19.195102
19.324082
19.453061
19.590204
19.709388
19.851429
19.985306
20.070204
20.202449
20.36898
20.976327
21.409524
21.515102
21.824218
22.377143
22.46966
22.563265
22.660136
22.785306
22.840816
22.977959
23.303401
23.555918
23.828027
24.115374
24.178503
24.237279
24.315646
24.391837
24.487619
24.555102
24.651973
25.229932
25.549932
26.058231
26.126803
26.194286
26.297687
26.368435
26.475102
26.557823
26.613333
27.235918
27.307755
27.393741
27.478639
27.567891
27.640816
27.708299
27.760544
27.806259
28.22966
28.336327
28.920816
29.398639
29.514014
29.802449
30.110476
30.876735
31.014966
31.118367
31.275102
31.580952
31.918005
32.166168
32.481088
32.77424
32.986848
33.333696
33.613787
34.150748
34.292245
34.357551
34.473651
34.552018
34.628209
34.743583
35.129615
35.275465
35.386485
35.519274
35.651338
35.785578
35.917642
36.046803
36.168707
36.290612
36.442993
37.044535
37.454512
37.603265
37.96898
38.119909
38.248345
38.368798
38.498685
38.609705
38.772245
39.327347
39.748934
39.879546
40.22712
40.380227
40.502857
40.624036
40.752472
40.864943
41.020227
41.313379
41.876463
42.459138
43.005533
43.713741
44.027937
44.31093
44.5961
