0.211882
0.507937
1.306122
1.532517
4.292789
4.542404
5.317370
5.584399
8.359184
8.675556
9.430204
9.697234
10.489615
10.684082
11.247166
11.769615
12.564898
12.811610
13.081542
13.336961
13.577868
13.836190
14.097415
14.344127
14.593741
14.857868
15.107483
15.336780
15.629932
15.844717
16.117551
16.355556
16.640000
16.878005
17.139229
17.383039
17.621043
17.888073
18.137687
18.375692
18.631111
18.869116
19.089705
19.350930
19.554104
19.867574
20.122993
20.331973
20.535147
20.834104
21.098231
21.327528
21.577143
21.835465
22.087982
22.296961
22.561088
22.796190
23.042902
23.254785
23.556644
23.797551
24.067483
24.320000
25.057234
25.341678
25.582585
25.925079
27.126712
27.358912
27.634649
27.881361
29.123628
29.419683
30.133696
30.403628
31.181497
31.483356
32.200272
32.461497
32.748844
33.068118
33.814059
34.130431
34.385850
34.635465
35.387211
35.636825
35.773061
35.892245
36.029388
36.197551
36.417959
36.688980
36.948571
37.252245
38.055510
38.336327
38.638367
38.889796
39.164082
39.492245
40.233469
40.560000
43.910204
44.271020
44.994286
45.293061
46.109388
46.378776
47.097143
47.384490
48.182857
48.460408
48.716735
49.017143
