0.189388
0.496327
1.201633
1.528163
4.277551
4.538776
5.257143
5.570612
8.365714
8.626939
9.436735
9.678367
10.442449
10.729796
11.200000
11.774694
12.551837
12.806531
13.054694
13.296327
13.544490
13.805714
14.027755
14.315102
14.556735
14.795465
15.060317
15.259864
15.586395
15.814966
16.094331
16.635102
16.884898
17.133061
17.391020
17.617959
17.864490
18.137143
18.377143
18.607347
18.862041
19.124898
19.345306
19.583673
19.849796
20.078367
20.349388
20.625306
20.840816
21.066122
21.346939
21.598367
21.755102
22.089796
22.310204
22.566531
22.809796
22.977959
23.306122
23.573878
23.784490
24.017959
24.395102
25.020408
25.333333
25.625397
25.889524
27.065397
27.334603
27.603810
27.867937
29.086984
29.437460
30.074921
30.471111
31.156825
31.509841
32.205714
32.469841
34.829206
35.113651
35.900952
36.144762
36.497778
36.733968
39.654603
39.941587
40.703492
41.033651
41.826032
42.107937
42.333968
42.615873
43.690159
44.716190
45.775238
46.902857
47.964444
49.069206
