0.181406
0.475283
0.776417
1.052154
1.273469
1.538322
1.821315
2.068027
2.307483
2.499773
2.848073
3.094785
3.326984
3.562812
3.834921
4.070748
4.321088
4.560544
4.872562
5.101134
5.336961
5.605442
5.902948
6.138776
6.396372
6.632200
6.886168
7.161905
7.404989
7.644444
7.902041
8.174150
8.395465
8.649433
8.986848
9.200907
9.422222
9.690703
9.977324
10.216780
10.452608
10.724717
10.978685
11.225397
11.400272
11.537415
11.615782
11.752925
12.014150
12.290612
12.569252
12.808707
13.072109
13.307211
13.577143
13.810068
14.049524
14.302041
14.558912
14.826667
15.087891
15.329524
15.586395
15.836735
16.095782
16.367891
16.633469
16.862041
17.123265
17.369252
17.619592
17.856871
18.109388
18.370612
18.588299
18.840816
19.117279
19.337143
19.594014
19.805170
20.090340
20.342857
20.604082
20.837007
21.074286
21.324626
21.598912
21.823129
22.082177
22.319456
22.563265
22.798367
23.037823
23.301224
23.477551
23.612517
23.697415
23.812789
24.030476
24.306939
24.570340
24.859864
25.613061
25.843810
26.115918
26.346667
26.605714
26.866939
27.624490
27.866122
28.125170
28.336327
28.606259
28.865306
29.405170
29.666395
29.916735
30.400000
30.689524
30.946395
31.451429
31.708299
31.971701
32.494150
33.293061
33.582585
33.865578
34.102857
34.344490
34.597007
37.568435
37.810068
37.942857
38.080000
38.188844
38.332517
38.628571
38.865850
39.140136
39.412245
39.695238
39.943401
40.226395
40.502857
40.746667
41.020952
41.280000
41.582585
42.374966
42.649252
42.890884
43.121633
43.422041
43.696327
44.201361
44.514830
44.752109
45.318095
45.544490
45.812245
46.622041
46.902857
47.416599
47.666939
47.943401
48.761905
49.092789
50.679728
