0.224943
0.449887
1.255329
1.523810
2.307483
2.590476
2.815420
3.083900
3.301587
3.562812
3.816780
4.034467
4.302948
4.549660
5.318821
5.565533
6.334694
6.639456
6.857143
7.125624
7.379592
7.655329
7.865760
8.148753
8.366440
8.671202
9.404082
9.694331
10.463492
10.710204
11.210884
11.718821
12.495238
12.770975
13.053968
13.300680
13.569161
13.808617
14.091610
14.316553
14.592290
14.853515
15.100227
15.317914
15.564626
15.804082
16.108844
16.341043
16.573243
16.856236
17.081179
17.349660
17.603628
17.879365
18.097052
18.343764
18.604989
18.844444
19.105669
19.374150
19.606349
19.853061
20.092517
20.310204
20.585941
20.832653
21.072109
21.326077
21.587302
21.841270
22.066213
22.291156
22.552381
22.791837
23.060317
23.270748
23.553741
23.778685
24.039909
24.301134
24.555102
24.801814
25.614512
25.853968
26.115193
26.347392
26.608617
26.869841
27.595465
27.842177
28.088889
28.335601
28.575057
28.872562
29.409524
29.692517
29.917460
30.432653
30.657596
30.955102
31.484807
31.702494
31.963719
32.515193
33.763265
34.075283
34.351020
34.612245
35.388662
35.649887
35.807347
35.966259
36.066395
36.173061
36.436463
36.704218
37.492245
37.790476
37.921088
38.058231
38.188844
38.323810
38.615510
38.850612
39.111837
39.383946
39.701769
39.949932
40.204626
40.463673
40.751020
40.983946
41.822041
42.091973
42.344490
42.601361
42.890884
43.139048
43.951020
44.225306
45.011156
45.300680
46.073469
46.389116
47.107483
47.399184
48.228571
48.481088
48.774966
49.079728
