0.203175
0.760454
1.253878
1.352562
2.205896
2.31619
2.438095
2.589025
2.705125
2.832834
2.954739
3.076644
3.186939
3.297234
3.448163
4.046077
4.481451
4.591746
5.474104
5.613424
5.735329
5.857234
5.996553
6.124263
6.246168
6.356463
6.478367
6.594467
6.803447
7.325896
7.709025
7.836735
8.161814
8.719093
9.287982
9.543401
9.845261
10.152925
10.46059
11.041088
11.621587
11.946667
12.173061
12.503946
12.817415
13.113469
13.705578
14.291882
14.715646
14.849161
15.714104
15.806984
15.940499
16.085624
16.207528
16.352653
16.474558
16.590658
16.712562
16.828662
16.991202
17.554286
18.01288
18.123175
18.964898
19.086803
19.202902
19.342222
19.464127
19.597642
19.725351
19.870476
19.992381
20.114286
20.28263
20.787664
21.350748
21.606168
22.215692
22.517551
22.813605
23.08644
23.353469
23.620499
23.893333
24.177778
24.468027
25.100771
25.3678
25.58839
25.890249
26.180499
26.505578
27.683991
28.154195
28.281905
28.839184
29.262948
29.425488
29.698322
30.023401
31.254059
31.579138
31.886803
32.177052
32.484717
32.751746
33.03619
33.343855
33.622494
34.179773
34.806712
35.427846
35.58458
35.73551
35.82839
35.961905
36.089615
36.223129
36.350839
36.513379
37.134512
37.523447
37.639546
37.964626
38.103946
38.23746
38.382585
38.510295
38.6322
38.812154
39.398458
39.828027
39.944127
40.257596
40.385306
40.524626
40.658141
40.780045
40.907755
41.035465
41.366349
41.958458
42.544762
43.049796
43.74059
44.083084
44.384943
44.634558
