0.182857
0.787302
1.224127
1.366349
2.697143
2.829206
2.951111
3.083175
3.215238
3.321905
3.499683
4.053333
4.48
4.601905
5.958095
6.095238
6.232381
6.359365
6.47619
6.603175
6.745397
7.299048
7.730794
7.817143
8.147302
8.680635
9.290159
9.645714
9.879365
10.16381
10.514286
11.047619
11.621587
11.941587
12.231111
12.485079
12.744127
13.048889
13.724444
14.262857
14.79619
15.690159
15.974603
16.24381
16.507937
16.746667
17.03619
17.549206
18.153651
19.022222
19.286349
19.514921
19.784127
20.053333
20.281905
20.845714
21.373968
22.247619
22.80127
23.12127
23.395556
23.654603
23.944127
24.208254
24.518095
25.051429
25.381587
25.660952
25.925079
26.229841
26.534603
27.67746
28.154921
28.297143
28.855873
29.186032
29.424762
29.719365
30.044444
31.344762
31.613968
31.873016
32.106667
32.365714
32.695873
32.939683
33.213968
33.554286
34.219683
34.742857
35.479365
35.652063
35.809524
35.956825
36.088889
36.251429
36.393651
36.530794
37.079365
37.536508
37.627937
38.125714
38.252698
38.394921
38.526984
38.648889
38.775873
39.385397
39.791746
39.92381
40.380952
40.528254
40.645079
40.746667
40.873651
41.020952
41.330794
41.940317
42.529524
43.073016
43.773968
44.073651
44.353016
44.683175
