0.16254
0.806893
1.219048
1.352562
1.927256
2.066576
2.176871
2.292971
2.4439
2.565805
2.68771
2.798005
2.948934
3.041814
3.175329
3.285624
3.477188
4.051882
4.458231
4.620771
5.18966
5.323175
5.462494
5.596009
5.723719
5.828209
5.961723
6.083628
6.228753
6.333243
6.466757
6.594467
6.757007
7.291066
7.71483
7.84254
8.144399
8.672653
9.264762
9.578231
9.880091
10.18195
10.466395
11.058503
11.639002
11.975692
12.463311
12.979955
13.740408
14.309297
14.698231
14.854966
15.412245
15.55737
15.696689
15.824399
15.957914
16.097234
16.207528
16.329433
16.462948
16.596463
16.735782
16.863492
17.043447
17.606531
18.00127
18.1522
18.680454
18.819773
18.976508
19.092608
19.220317
19.342222
19.481542
19.620862
19.736961
19.899501
19.998186
20.102676
20.25941
20.857324
21.269478
21.373968
21.687438
22.238912
22.84263
23.150295
23.382494
23.643719
23.951383
24.526077
25.089161
25.35619
25.919274
26.552018
27.097687
27.718821
28.130975
28.247075
28.839184
29.297778
29.413878
29.767982
30.035011
30.876735
31.010249
31.137959
31.277279
31.573333
31.927438
32.153832
32.467302
32.711111
32.937506
33.320635
33.622494
34.185578
34.783492
35.143401
35.282721
35.410431
35.561361
35.694875
35.84
35.96771
36.078005
36.205714
36.327619
36.490159
37.093878
37.482812
37.645351
37.987846
38.138776
38.266485
38.382585
38.533515
38.65542
38.800544
39.363628
39.769977
39.944127
40.257596
40.414331
40.530431
40.663946
40.780045
40.89034
41.058685
41.343129
41.935238
42.509932
43.084626
43.792834
44.106304
44.373333
44.675193
