3.898776
4.682449
4.839184
5.283265
5.766531
7.111837
7.337143
7.582041
7.787755
8.009796
8.218776
8.476735
8.943673
9.750204
10.119184
10.475102
11.128163
11.431837
11.719184
11.990204
12.293878
12.59102
13.162449
13.619592
13.776327
14.021224
14.275918
15.102041
15.219592
15.350204
15.487347
15.604898
15.732245
15.846531
16.140408
16.248163
16.329796
16.463673
16.600816
16.69551
16.806531
17.025306
17.162449
17.250612
17.345306
17.492245
17.596735
17.720816
17.828571
17.949388
18.4
18.622041
18.762449
18.873469
19.278367
19.503673
19.748571
19.954286
20.16
20.378776
22.595918
22.945306
23.069388
23.307755
23.506939
24.143673
24.261224
24.362449
24.447347
24.58449
24.685714
24.816327
25.100408
25.49551
25.720816
25.991837
26.337959
26.546939
26.736327
26.942041
27.141224
27.379592
27.768163
28.065306
28.179592
28.401633
28.604082
29.221224
29.32898
29.413878
29.505306
29.64898
29.733878
29.828571
30.060408
30.174694
30.253061
30.341224
30.45551
30.566531
30.651429
30.88
30.987755
31.079184
31.167347
31.265306
31.36
31.451429
31.562449
31.653878
32.022857
32.248163
32.391837
32.506122
32.858776
33.087347
33.315918
33.521633
33.724082
33.946122
35.183673
35.497143
35.595102
35.84
36.058776
36.705306
36.813061
36.91102
37.028571
37.152653
37.247347
37.368163
37.81551
38.021224
38.236735
38.713469
39.761633
40.029388
41.06449
41.560816
41.988571
42.138776
42.416327
42.67102
43.490612
43.647347
43.817143
43.993469
44.146939
44.274286
44.421224
44.711837
45.01551
45.322449
45.632653
46.628571
47.013878
47.487347
48.16
48.515918
48.917551
49.665306
50.181224
50.677551
51.08898
51.542857
52.212245
