0.202449
0.901224
1.146122
1.645714
2.161633
3.480816
3.696327
3.898776
4.133878
4.365714
4.564898
4.803265
5.998367
6.217143
6.432653
6.638367
7.536327
8.466939
9.312653
10.083265
10.801633
11.405714
11.72898
12.006531
12.306939
12.58449
14.256327
14.680816
14.801633
15.069388
15.320816
16.088163
16.202449
16.326531
16.466939
16.571429
16.672653
16.767347
17.049252
17.168254
17.266939
17.362721
17.487528
17.615238
17.705215
18.155102
18.578866
18.845896
19.040363
19.275465
19.481542
20.799274
21.147574
21.260771
21.513288
21.730975
22.384036
22.497234
22.598821
22.706213
22.85424
22.944218
23.045805
23.672744
23.762721
23.858503
23.945578
24.360635
24.836644
25.295238
25.695782
26.113741
26.540408
26.778413
26.969977
27.167347
27.367619
28.572154
28.882721
28.975601
29.213605
29.387755
30.043719
30.151111
30.238186
30.354286
30.450068
30.554558
30.647438
30.87093
30.96381
31.047982
31.164082
31.259864
31.352744
31.434014
31.83746
32.246712
32.467302
32.658866
32.862041
33.079728
34.30458
34.615147
34.73415
35.009887
35.201451
35.848707
35.964807
36.057687
36.173787
36.263764
36.365351
36.507574
36.91102
37.12
37.343492
37.787574
38.873107
39.128526
39.560998
40.254694
40.411429
40.544943
40.687166
40.83229
40.951293
41.049977
41.218322
41.360544
41.523084
41.639184
41.758186
41.888798
42.045533
42.176145
42.695692
43.081723
43.238458
43.54322
43.836372
44.721633
44.887075
45.023492
45.171519
45.316644
45.429841
45.612698
45.97551
46.283175
46.631474
47.037823
47.760544
49.249524
50.216054
