0.223129
0.506122
1.362358
1.663492
4.729252
4.975964
5.730612
5.953741
8.591383
8.823583
9.057596
9.53288
9.770522
10.483447
10.701134
11.167347
11.595465
12.355556
12.573243
12.805442
13.004989
13.226304
13.449433
13.681633
13.877551
14.093424
14.296599
14.508844
14.70839
14.929705
15.14195
15.343311
15.550113
15.760544
15.931066
16.163265
16.351927
16.5678
16.765533
16.963265
17.146485
17.356916
17.540136
17.7161
17.902948
18.111565
18.289342
18.46712
18.637642
18.839002
19.009524
19.216327
19.395918
19.600907
19.771429
19.952834
20.13424
20.324717
20.498866
20.671202
20.87619
21.035828
21.209977
21.384127
21.567347
22.180499
22.367347
22.565079
22.742857
23.628118
23.851247
24.039909
24.206803
25.16644
25.355102
25.990023
26.175057
26.887982
27.094785
27.762358
27.956463
28.226757
28.449887
29.124717
29.371429
29.6
29.821315
30.521542
30.768254
30.886349
30.986667
31.097143
31.246984
31.495873
31.688889
31.951746
32.218413
32.926984
33.169524
33.414603
33.688889
33.932698
34.24254
34.994286
35.260952
38.994286
39.295238
40.153651
40.488889
41.310476
41.639365
42.502857
42.885079
43.864127
44.270476
44.673016
45.269841
