0.182857
0.544218
1.358367
1.658776
4.736871
5.024218
5.703401
5.977687
8.581224
8.829388
9.53034
9.77415
10.492517
10.718912
11.171701
11.628844
12.329796
12.5678
12.789116
13.017687
13.235374
13.453061
13.674376
13.884807
14.095238
14.298413
14.530612
14.730159
14.936961
15.147392
15.354195
15.564626
15.778685
15.974603
16.166893
16.391837
16.573243
16.765533
16.965079
17.142857
17.360544
17.545578
17.752381
17.926531
18.097052
18.292971
18.488889
18.673923
18.869841
19.029478
19.221769
19.39229
19.577324
19.755102
19.929252
20.132426
20.324717
20.487982
20.680272
20.850794
21.028571
21.239002
21.376871
21.594558
22.008163
22.185941
22.363719
22.53424
22.759184
23.640816
23.814966
24.047166
24.199546
25.139229
25.378685
25.977324
26.213152
26.895238
27.116553
27.755102
28.027211
30.026304
30.280272
30.991383
31.219955
31.470295
31.669841
34.423583
34.695692
35.446712
35.751474
36.60771
36.890703
37.159184
37.482086
38.679365
39.82585
41.034014
42.234921
43.533787
45.257143
