0.224943
0.50068
0.807256
1.073923
1.368889
1.68127
1.986032
2.234921
2.586667
2.853333
3.142857
3.399365
3.707937
3.951746
4.215873
4.441905
4.741587
5.001905
5.217778
5.479365
5.732063
5.980952
6.255238
6.435556
6.704762
6.967619
7.215238
7.43873
7.67873
7.902222
8.128254
8.374603
8.600635
8.857143
9.108571
9.320635
9.553016
9.804444
10.034286
10.257778
10.486349
10.712381
10.930794
11.158095
11.271111
11.396825
11.475556
11.615238
11.894603
12.119365
12.345397
12.572698
12.8
13.022222
13.259683
13.474286
13.68381
13.894603
14.101587
14.312381
14.511746
14.744127
14.938413
15.145397
15.35746
15.580952
15.790476
15.980952
16.168889
16.383492
16.587937
16.789841
16.976508
17.168254
17.349841
17.555556
17.732063
17.931429
18.088889
18.283175
18.469841
18.665397
18.845714
19.047619
19.227937
19.406984
19.580952
19.780317
19.969524
20.147302
20.31873
20.513016
20.676825
20.88254
20.967619
21.076825
21.141587
21.240635
21.415873
21.60254
21.768889
21.966984
22.526984
22.730159
22.910476
23.103492
23.271111
23.485714
24.011429
24.219683
24.388571
24.600635
24.760635
24.965079
25.408254
25.582222
25.812063
26.24381
26.448254
26.655238
27.103492
27.307937
27.569524
27.977143
28.688254
28.901587
29.125079
29.366349
29.589841
29.833651
32.47619
32.72254
32.859683
33.039819
33.21034
33.494785
33.69941
33.923628
34.195737
34.493243
34.689887
34.935147
35.181859
35.505488
35.713741
36.022857
36.327619
37.175873
37.459592
37.778866
38.036463
38.365896
38.677188
39.550839
39.84907
40.466576
40.740862
41.055782
41.954104
42.237823
42.895238
43.204354
43.54322
44.701315
45.185306
46.828118
