0.168707
0.502494
1.395011
1.668934
2.550567
2.855329
3.120181
3.377778
3.640816
3.918367
4.221315
4.451701
4.709297
4.965079
5.717914
5.968254
6.721088
6.953288
7.176417
7.434014
7.669841
7.902041
8.112472
8.355556
8.598639
8.832653
9.545578
9.770522
10.452608
10.682993
11.154649
11.599093
12.319274
12.556916
12.810884
13.015873
13.24263
13.453061
13.697959
13.886621
14.106122
14.292971
14.517914
14.71746
14.933333
15.134694
15.379592
15.559184
15.773243
15.958277
16.166893
16.359184
16.551474
16.747392
16.959637
17.148299
17.34059
17.527438
17.737868
17.913832
18.118821
18.296599
18.483447
18.663039
18.849887
19.045805
19.24898
19.412245
19.600907
19.776871
19.952834
20.137868
20.321088
20.495238
20.6839
20.847166
21.05034
21.228118
21.434921
21.589116
21.779592
21.971882
22.530612
22.71746
22.935147
23.109297
23.268934
23.475737
24.005442
24.212245
24.417234
24.61678
24.792744
25.004989
25.413152
25.625397
25.821315
26.10068
26.434467
26.628571
27.107483
27.310658
27.528345
27.967347
29.148299
29.355102
29.610884
29.826757
30.496145
30.730159
30.971429
31.218141
31.475737
31.746032
32.460771
32.698413
32.845714
32.956735
33.048163
33.195102
33.455238
33.689252
33.937415
34.18449
34.688435
34.942041
35.183673
35.462313
35.719184
36.589932
36.874014
37.160272
37.434558
37.750204
38.022313
38.958367
39.254422
40.126259
40.440816
41.344218
41.63483
42.526259
42.838639
43.865034
44.232925
44.679184
45.278912
