0.307302
0.544762
1.393016
1.674921
4.689524
4.990476
5.806984
6.053333
8.979048
9.249524
10.008889
10.259048
10.993016
11.296508
11.831111
12.359365
13.139048
13.387937
13.673469
13.915102
14.148571
14.378776
14.631837
14.871837
15.102041
15.330612
15.559184
15.777959
15.998367
16.199184
16.403265
16.602449
16.844082
17.072653
17.235918
17.443265
17.617959
17.804082
18.016327
18.200816
18.400000
18.568163
18.777143
18.958367
19.146122
19.343673
19.513469
19.707755
19.893878
20.076735
20.236735
20.427755
20.605714
20.801633
20.981224
21.137959
21.338776
21.498776
21.675102
21.875918
22.035918
22.182857
22.406531
22.563265
23.137959
23.309388
23.497143
23.681633
24.602449
24.772245
24.986122
25.170612
26.058776
26.261224
26.844082
27.005714
27.546122
27.761633
28.311837
28.506122
28.690612
28.871837
29.456327
29.657143
29.866122
30.048980
30.661224
30.860408
30.973061
31.095510
31.191837
31.286531
31.488980
31.635918
31.867755
32.086531
32.723265
32.933878
33.131429
33.340408
33.560816
33.831837
34.509388
34.768980
37.882449
38.119184
38.868571
39.116735
39.864490
40.115918
40.858776
41.110204
41.975510
42.303673
42.648163
43.061224
