0.235102
0.545669
1.372880
1.625397
4.684626
4.951655
5.778866
6.063311
8.997732
9.261859
10.013605
10.260317
11.038186
11.273288
11.845079
12.332698
13.136689
13.421134
13.673651
13.914558
14.135147
14.405079
14.622766
14.869478
15.043628
15.313560
15.566077
15.763447
15.986939
16.175601
16.407800
16.634195
16.837370
17.031837
17.243719
17.429478
17.592018
17.824218
18.009977
18.221859
18.413424
18.604989
18.782041
18.979410
19.141950
19.319002
19.501859
19.693424
19.876281
20.038821
20.259410
20.442268
20.604807
20.732517
20.985034
21.150476
21.339138
21.501678
21.678730
21.879002
22.029932
22.253424
22.427574
22.653968
23.115465
23.312834
23.510204
23.707574
24.636372
24.816327
25.013696
25.190748
26.058594
26.267574
26.813243
27.004807
27.562086
27.730431
28.252880
28.473469
30.206259
30.450068
30.992834
31.245351
31.474649
31.590748
34.025941
34.255238
34.948934
35.166621
35.895147
36.147664
36.382766
36.626576
37.613424
38.603175
39.624853
40.652336
41.708844
43.142676
