0.169796
0.497778
0.792381
1.081179
1.323537
1.642812
1.914195
2.208798
2.445351
2.753016
3.047619
3.305941
3.609252
3.840000
4.166531
4.427755
4.691882
4.996644
5.257868
5.537959
5.760000
6.002358
6.381134
6.638005
6.865850
7.144490
7.394104
7.672744
7.938322
8.224218
8.446259
8.698776
8.968707
9.247347
9.427302
9.765442
10.010703
10.264671
10.527347
10.788571
11.045442
11.306667
11.554830
11.805896
11.990204
12.099048
12.193379
12.303673
12.609887
12.856599
13.126531
13.402268
13.670748
13.904399
14.139501
14.367347
14.628571
14.854966
15.068299
15.313560
15.516735
15.737324
15.955011
16.177052
16.399093
16.580499
16.798186
17.002812
17.191474
17.401905
17.622494
17.822766
18.011429
18.197188
18.388753
18.580317
18.763175
18.970703
19.153560
19.352381
19.532336
19.700680
19.884989
20.006893
20.262313
20.440816
20.604807
20.793469
20.961814
21.160635
21.324626
21.497324
21.674376
21.861587
21.953016
21.999365
22.048889
22.120635
22.202540
22.400635
22.582222
22.754286
22.977959
23.475918
23.699592
23.849796
24.068571
24.212245
24.414694
24.964898
25.141224
25.309388
25.510204
25.666939
25.872653
26.287347
26.452245
26.602449
26.920816
27.129796
27.330612
27.737143
27.905306
28.111020
28.497959
29.075918
29.252245
29.485714
29.634286
29.857959
30.035918
32.311837
32.551837
32.697143
32.809796
32.894694
32.995918
33.224490
33.440000
33.614694
33.849796
34.076735
34.290612
34.496327
34.720000
34.979592
35.175510
35.394286
35.647347
36.323265
36.587755
36.837551
37.116735
37.320816
37.577143
38.321633
38.595918
39.110204
39.343673
39.577143
40.351020
40.613878
41.149388
41.381224
41.696327
42.649796
43.048163
44.421224
