0.188662
0.502494
1.365986
1.667120
2.479819
2.739229
3.063946
3.310658
3.575510
3.869388
4.132426
4.399093
4.694785
4.990476
5.783220
6.046259
6.875283
7.163719
7.397732
7.687982
7.916553
8.194104
8.437188
8.682086
8.970522
9.257143
10.011791
10.282086
11.047619
11.297959
11.834921
12.350113
13.160998
13.407710
13.672562
13.910204
14.160544
14.400000
14.655782
14.887982
15.118367
15.339683
15.553741
15.753288
15.970975
16.195918
16.413605
16.616780
16.836281
17.026757
17.226304
17.420408
17.610884
17.834014
18.004535
18.211338
18.416327
18.612245
18.786395
18.980499
19.167347
19.356009
19.522902
19.717007
19.891156
20.087075
20.281179
20.440816
20.622222
20.787302
20.966893
21.131973
21.329705
21.498413
21.679819
21.855782
22.040816
22.222222
22.401814
22.575964
22.753741
22.940590
23.504762
23.680726
23.883900
24.063492
24.232200
24.439002
24.997732
25.153741
25.349660
25.505669
25.694331
25.882993
26.263946
26.468934
26.657596
26.989569
27.129252
27.345125
27.649887
27.909297
28.085261
28.484354
29.416780
29.616327
29.850340
30.028118
30.632200
30.842630
30.959184
31.101224
31.267755
31.506939
31.711837
32.311837
32.490612
32.661224
32.773878
32.862041
32.957551
33.174694
33.377959
33.602177
33.826395
34.031020
34.240000
34.499048
34.736327
34.956190
35.186939
35.896599
36.133878
36.371156
36.586667
36.828299
37.061224
37.844898
38.125714
38.844082
39.098776
39.871565
40.132789
40.831565
41.171156
41.998367
42.305306
42.623129
43.034558
