0.278639
0.618231
1.828571
2.202993
4.928435
5.137415
5.842721
6.051701
8.515918
8.724898
9.369252
9.569524
10.222585
10.396735
10.832109
11.223946
11.850884
12.051156
12.277551
12.495238
12.678095
12.878367
13.087347
13.217959
13.461769
13.627211
13.836190
13.984218
14.210612
14.410884
14.585034
14.767891
14.933333
15.116190
15.316463
15.473197
15.647347
15.804082
15.986939
16.143673
16.309116
16.500680
16.657415
16.857687
17.014422
17.171156
17.345306
17.519456
17.693605
17.859048
18.024490
18.198639
18.381497
18.529524
18.712381
18.851701
18.991020
19.130340
19.287075
19.478639
19.617959
19.783401
19.974966
20.122993
20.688980
20.819592
21.011156
21.211429
21.986395
22.186667
22.369524
22.543673
23.362177
23.545034
24.067483
24.232925
24.755374
24.912109
25.460680
25.643537
25.835102
26.000544
26.505578
26.697143
26.871293
27.054150
27.654966
27.846531
27.977143
28.081633
28.194830
28.308027
28.482177
28.630204
28.874014
29.091701
29.736054
29.953741
30.197551
30.432653
30.624218
30.894150
31.555918
31.773605
35.073741
35.317551
36.118639
36.371156
37.207075
37.494422
38.260680
38.521905
39.444898
39.706122
40.080544
40.507211
48.300408
