0.255420
0.673379
1.811156
2.205896
4.899410
5.154830
5.816599
6.060408
8.486893
8.695873
9.334422
9.589841
10.170340
10.414150
10.808889
11.203628
11.853787
12.085986
12.294966
12.469116
12.678095
12.898685
13.119274
13.339864
13.502404
13.688163
13.873923
14.036463
14.222222
14.384762
14.582132
14.791111
14.953651
15.127800
15.325170
15.522540
15.673469
15.882449
16.021769
16.184308
16.358458
16.509388
16.683537
16.846077
17.020227
17.182766
17.345306
17.565896
17.740045
17.914195
18.065125
18.227664
18.413424
18.538231
18.708027
18.851701
19.038912
19.186939
19.369796
19.574422
19.700680
19.866122
19.988027
20.192653
20.706395
20.880544
21.054694
21.246259
22.029932
22.238912
22.395646
22.604626
23.353469
23.562449
24.058776
24.215510
24.764082
24.920816
25.417143
25.678367
27.258776
27.480816
28.055510
28.251429
28.473469
28.669388
31.059592
31.333878
31.986939
32.195918
33.005714
33.266939
33.528163
33.776327
34.821224
35.905306
36.937143
38.008163
39.144490
40.542041
