0.181406
0.653061
1.124717
1.480272
1.799546
2.191383
2.503401
2.735601
3.047619
3.287075
3.584580
3.758730
3.983673
4.208617
4.462585
4.687528
4.905215
5.144671
5.369615
5.630839
5.804989
6.051701
6.298413
6.574150
6.770068
7.009524
7.212698
7.437642
7.640816
7.873016
8.083447
8.264853
8.482540
8.751020
8.968707
9.150113
9.324263
9.549206
9.810431
9.984580
10.173243
10.390930
10.623129
10.826304
10.942404
11.014966
11.087528
11.218141
11.457596
11.639002
11.849433
12.074376
12.284807
12.502494
12.662132
12.887075
13.061224
13.257143
13.445805
13.627211
13.815873
14.004535
14.171429
14.381859
14.570522
14.751927
14.940590
15.129252
15.296145
15.441270
15.622676
15.818594
16.007256
16.159637
16.319274
16.500680
16.667574
16.863492
17.023129
17.175510
17.385941
17.545578
17.683447
17.850340
18.031746
18.205896
18.358277
18.532426
18.670295
18.844444
18.996825
19.170975
19.323356
19.504762
19.606349
19.707937
19.845805
20.005442
20.179592
20.331973
20.506122
21.014059
21.195465
21.347846
21.514739
21.674376
21.855782
22.370975
22.508844
22.682993
22.857143
23.016780
23.219955
23.568254
23.771429
23.931066
24.250340
24.460771
24.671202
24.946939
25.128345
25.309751
25.650794
26.158730
26.376417
26.557823
26.710204
26.927891
27.080272
29.315193
29.525624
29.663492
29.830385
29.953741
30.236735
30.432653
30.650340
30.846259
31.129252
31.332426
31.564626
31.775057
32.029025
32.246712
32.500680
32.776417
33.538322
33.785034
34.068027
34.271202
34.539683
34.844444
35.649887
35.889342
36.469841
36.687528
36.985034
37.746939
38.051701
38.581406
38.871655
39.176417
40.090703
40.497052
42.057143
