0.166893
0.616780
1.799546
2.205896
3.033107
3.287075
3.519274
3.780499
4.027211
4.237642
4.462585
4.709297
4.926984
5.144671
5.819501
6.066213
6.777324
7.016780
7.234467
7.444898
7.677098
7.858503
8.039909
8.279365
8.497052
8.707483
9.353288
9.541950
10.202268
10.383673
10.811791
11.239909
11.878458
12.059864
12.306576
12.502494
12.712925
12.887075
13.090249
13.278912
13.489342
13.678005
13.852154
14.026304
14.214966
14.425397
14.606803
14.773696
14.955102
15.136508
15.325170
15.499320
15.680726
15.833107
15.985488
16.181406
16.341043
16.486168
16.660317
16.834467
17.030385
17.204535
17.356916
17.574603
17.726984
17.893878
18.039002
18.213152
18.372789
18.539683
18.699320
18.858957
19.040363
19.207256
19.330612
19.512018
19.686168
19.853061
20.012698
20.172336
20.331973
20.520635
21.021315
21.202721
21.369615
21.536508
21.688889
21.884807
22.407256
22.559637
22.712018
22.864399
23.009524
23.205442
23.582766
23.742404
23.923810
24.257596
24.395465
24.605896
24.917914
25.113832
25.302494
25.614512
26.536054
26.746485
26.942404
27.073016
27.646259
27.849433
27.965533
28.074376
28.226757
28.466213
28.654875
29.322449
29.554649
29.707029
29.859410
30.011791
30.258503
30.432653
30.650340
30.853515
31.100227
31.354195
31.550113
31.782313
32.000000
32.253968
33.008617
33.255329
33.502041
33.726984
33.995465
34.300227
35.120181
35.388662
36.143311
36.469841
37.231746
37.580045
38.283900
38.516100
39.415873
39.771429
40.126984
40.591383
