0.26
0.51
1.37
1.64
4.57
4.83
5.65
5.88
8.61
8.86
9.6
9.86
10.58
10.81
11.31
11.74
12.46
12.76
12.97
13.19
13.4
13.630113
13.85
14.07
14.26
14.47
14.68
14.87
15.07
15.3
15.48
15.7
15.89
16.06
16.25
16.43
16.63
16.8
16.97
17.15
17.34
17.51
17.7
17.88
18.06
18.22
18.39
18.56
18.74
18.91
19.08
19.26
19.44
19.6
19.78
19.96
20.1
20.25
20.42
20.6
20.76
20.92
21.1
21.26
21.79
21.971882
22.16
22.34
23.17
23.33
23.51746
23.68
24.53
24.76
25.3
25.498413
26.08
26.267574
26.83
27.051247
27.23
27.44
28.1
28.31
28.538776
28.76
29.38
29.61
29.721542
29.8
29.91746
30.04
30.273016
30.46
30.71
30.97
31.651701
31.91
32.12
32.37
32.6
32.86
33.51
33.763265
37.1
37.35
38.19
38.44
39.27
39.55
40.45
40.8
41.79
42.2
42.72
43.55
