0.16
0.5
1.277098
1.61
4.57
4.85
5.61
5.87
8.62
8.89
9.62
9.88
10.56
10.81
11.26
11.74
12.48
12.74
12.97
13.21
13.36
13.62
13.84
14.06
14.27
14.44
14.7
14.91
15.11
15.31
15.49
15.68
15.91
16.08
16.28
16.44
16.63
16.81
16.98
17.15
17.33
17.46
17.68
17.87
18.04
18.18
18.39
18.59
18.76
18.94
19.11
19.28
19.41
19.62
19.78
19.96
20.12
20.29
20.44
20.61
20.767347
20.94
21.1
21.26
21.79
21.942857
22.1
22.27
23.15
23.34
23.51
23.75
24.55
24.777143
25.23
25.456327
26.08
26.266122
26.88
27.115102
28.93
29.16
29.84
30.05
30.27
30.5
33.04
33.29
33.99
34.207347
35.06
35.34
35.59
35.83
36.85
37.92
39.0
40.13
41.46
43.46
