0.25
0.5
0.835918
1.05
1.36
1.65
1.946122
2.16
2.48
2.75
3.04
3.32
3.55
3.8
4.05
4.29
4.62
4.87
5.106939
5.38
5.62
5.83
6.17
6.42
6.66
6.896327
7.14
7.38
7.61
7.87
8.11
8.37
8.6
8.86
9.090612
9.364898
9.58
9.87
10.11
10.35
10.566531
10.84
11.06
11.28
11.408254
11.540317
11.64
11.78
12.02
12.21
12.5
12.74
12.97
13.17
13.42
13.66
13.86
14.02
14.28
14.5
14.69
14.91
15.09
15.3
15.48
15.69
15.89
16.09
16.26
16.41
16.62
16.82
17.0
17.21
17.35
17.53
17.71
17.87
18.05
18.25
18.4
18.57
18.75
18.95
19.11
19.28
19.43
19.63
19.79
19.93
20.11
20.27
20.44
20.61
20.703492
20.799274
20.880544
20.96
21.11
21.28
21.43
21.62
22.105397
22.29
22.440635
22.64
22.8
23.0
23.466667
23.67
23.822222
24.01
24.18
24.38
24.817778
24.96
25.15
25.51
25.68
25.85
26.260317
26.46
26.69
27.103492
27.68
27.9
28.1
28.29
28.54
28.75
31.19
31.46
31.59
31.69
31.806984
31.92
32.14
32.36
32.59
32.81
33.08
33.31
33.51
33.77
34.062222
34.27
34.52
34.78
35.55
35.8
36.063492
36.31
36.57
36.86
37.627937
37.94
38.471111
38.71
39.0
39.82
40.15
40.736508
41.06
41.43
42.67
43.44
45.23
