0.18
0.5
1.34
1.64
2.44
2.74
2.995374
3.26
3.526531
3.8
4.06
4.3
4.58
4.85
5.6
5.87
6.62
6.857143
7.12
7.366531
7.65
7.862857
8.15
8.38
8.6
8.87
9.59
9.86
10.53
10.81
11.27
11.75
12.51
12.72
12.95
13.17
13.39
13.61
13.83
14.06
14.26
14.47
14.67
14.9
15.08
15.29
15.49
15.68
15.88
16.04
16.25
16.43
16.61
16.81
16.99
17.17
17.34
17.53
17.73
17.89
18.07
18.23
18.41
18.59
18.76
18.88
19.1
19.27
19.44
19.62
19.77
19.95
20.11
20.27
20.45
20.6
20.78
20.94
21.12
21.26
21.4
21.61
22.16
22.29
22.452245
22.64
22.81
22.98
23.51
23.65
23.836735
24.03
24.2
24.41
24.76
24.91
25.1
25.49
25.7
25.9
26.305306
26.51
26.69
27.09
28.07
28.3
28.56
28.75
29.37
29.58
29.710658
29.82
29.93
30.04
30.31
30.53
31.230839
31.44
31.59
31.684354
31.77
31.87
32.199546
32.39
32.61
32.85
33.08
33.27
33.56
33.81
34.0
34.25
35.06
35.25
35.55
35.77
36.078005
36.34
37.11
37.4
38.18
38.54
39.26
39.62
40.4
40.73
41.79
42.2
42.73
43.428571
