0.174875
0.429569
1.125442
1.311202
3.741315
3.952472
4.625125
4.845714
7.313560
7.559546
8.239456
8.457143
9.079728
9.300317
9.740045
10.160181
10.887982
11.141224
11.356735
11.560635
11.763810
11.994558
12.200635
12.403810
12.617143
12.836281
13.052517
13.242630
13.475556
13.690340
13.922540
14.128435
14.330884
14.565079
14.779864
14.981587
15.187302
15.393016
15.601270
15.806984
16.025397
16.241270
16.457143
16.662857
16.881270
17.081905
17.292698
17.503492
17.719365
17.912381
18.138413
18.341587
18.568299
18.770794
18.986667
19.181406
19.410794
19.636871
19.842540
20.050431
20.269206
20.490159
20.703492
20.902993
21.622358
21.836372
22.064762
22.303492
23.342222
23.566939
23.790816
24.027937
25.095918
25.255147
25.928073
26.155057
26.821542
27.062494
27.703039
27.915057
28.194898
28.418367
29.052041
29.296417
29.525896
29.713265
30.410385
30.636100
30.738503
30.855873
30.950159
31.086848
31.305351
31.502902
31.731633
31.946893
32.601020
32.827891
33.063265
33.292063
33.505102
33.761224
34.392336
34.583673
37.495918
37.723469
38.413265
38.608163
39.267347
39.483673
40.176531
40.387755
41.079592
41.331633
41.577551
41.966327
