0.159184
0.440816
1.091837
1.330612
3.737755
3.978571
4.656122
4.880612
7.350000
7.590816
8.229592
8.473469
9.105102
9.331633
9.761224
10.210204
10.913265
11.141837
11.354082
11.560204
11.787755
12.011224
12.229592
12.446939
12.645918
12.830612
13.070408
13.287755
13.494898
13.704082
13.930612
14.159184
14.362449
14.591837
14.794898
15.008073
15.218367
15.426531
15.644898
15.850000
16.027551
16.246939
16.479592
16.675510
16.883673
17.094898
17.305102
17.519388
17.736735
17.944898
18.170408
18.367347
18.582653
18.795918
19.001020
19.210204
19.423469
19.628571
19.855102
20.056122
20.283673
20.482653
20.729592
20.950000
21.615306
21.848980
22.074490
22.283673
23.344898
23.570408
23.791837
24.003061
25.068367
25.314286
25.959184
26.198980
26.838776
27.107143
27.702494
27.985714
29.924490
30.187755
30.875510
31.101020
31.345918
31.554286
33.955102
34.191837
34.826531
35.063039
35.717347
35.936735
36.157143
36.390816
37.262245
38.165306
39.044898
39.965306
40.881633
41.928571
