0.169796
0.421224
0.652336
0.889615
1.104762
1.335510
1.549569
1.751293
1.985306
2.223673
2.448254
2.678095
2.856780
3.082086
3.317551
3.547574
3.771791
3.999274
4.203537
4.427392
4.638549
4.862766
5.103673
5.318095
5.543401
5.793379
6.010703
6.252698
6.467120
6.696417
6.915918
7.122358
7.349841
7.583129
7.809161
8.018503
8.206440
8.431020
8.682812
8.891791
9.083719
9.320998
9.548118
9.755283
9.890612
10.010340
10.082902
10.210612
10.459501
10.672834
10.903220
11.127800
11.361088
11.565714
11.775782
12.001814
12.213333
12.412154
12.613515
12.833379
13.053243
13.272018
13.491519
13.695420
13.928707
14.149660
14.373878
14.561451
14.777687
14.977959
15.188753
15.394467
15.602358
15.816054
16.021406
16.247438
16.478912
16.678821
16.885261
17.082993
17.303583
17.487528
17.706667
17.937415
18.144218
18.351383
18.561088
18.769705
19.008798
19.207256
19.410431
19.611066
19.836735
20.057324
20.207166
20.324717
20.404898
20.497415
20.735782
20.944762
21.154104
21.403719
22.067302
22.267211
22.474376
22.707302
22.905760
23.153197
23.768526
24.008345
24.213696
24.413605
24.624036
24.862041
25.326440
25.525624
25.753832
26.177596
26.388753
26.614785
27.062132
27.303039
27.538866
27.945578
28.626576
28.870023
29.103673
29.313379
29.525624
29.746213
32.168707
32.390023
32.528980
32.630930
32.732880
32.828662
33.075737
33.252426
33.501315
33.713923
33.952653
34.160181
34.383311
34.601723
34.850249
35.026939
35.267120
35.485896
36.133878
36.353741
36.568163
36.807619
37.036190
37.273107
37.972971
38.191020
38.615510
38.850249
39.081361
39.748209
39.980045
40.451701
40.664853
40.871837
41.587302
41.945397
44.204989
