0.226395
0.434286
1.082449
1.321361
1.980952
2.202449
2.433197
2.650884
2.878367
3.084082
3.315556
3.513469
3.756190
3.976054
4.630204
4.874014
5.543401
5.787211
5.990204
6.216054
6.462041
6.671565
6.902857
7.116190
7.350204
7.568435
8.193741
8.435374
9.094966
9.336599
9.745306
10.203537
10.919184
11.122721
11.341497
11.554830
11.773605
11.979320
12.199728
12.430476
12.630204
12.825578
13.053605
13.276190
13.489524
13.707755
13.909660
14.132789
14.346667
14.548571
14.767891
14.979592
15.197823
15.421497
15.617415
15.828027
16.013061
16.230204
16.441905
16.661224
16.873469
17.091156
17.298503
17.482449
17.707755
17.934150
18.157823
18.364082
18.561633
18.770068
18.991565
19.219592
19.425306
19.653333
19.855782
20.065850
20.269388
20.493605
20.715646
20.934422
21.163537
21.408435
22.094150
22.287347
22.507755
22.709660
22.905034
23.140680
23.793197
24.012517
24.195918
24.433197
24.641088
24.874558
25.326259
25.515102
25.743129
26.152925
26.383129
26.629660
27.100408
27.263673
27.512381
27.918367
29.044898
29.275646
29.494422
29.711020
30.375510
30.618231
30.731429
30.857687
30.991020
31.043265
31.274014
31.523265
32.185034
32.422857
32.517007
32.641088
32.752109
32.846259
33.077551
33.280000
33.503129
33.712653
33.941224
34.154558
34.375510
34.591565
34.833741
35.051973
35.718095
35.946122
36.158912
36.383129
36.604626
36.811973
37.491156
37.701769
38.386395
38.610612
39.277551
39.534694
40.094694
40.387483
41.084898
41.359456
41.606531
41.951565
