0.17415
0.457143
1.249524
1.52381
4.075102
4.345034
5.05034
5.32898
8.276463
8.524626
9.269116
9.534694
10.226939
10.475102
11.154286
11.398095
12.072925
12.321088
12.560544
12.76517
13.000272
13.23102
13.457415
13.653333
13.87102
14.101769
14.341224
14.558912
14.772245
15.002993
15.242449
15.451429
15.669116
15.899864
16.108844
16.322177
16.557279
16.77932
17.027483
17.214694
17.436735
17.663129
17.867755
18.081088
18.311837
18.529524
18.738503
18.964898
19.173878
19.400272
19.591837
19.809524
20.031565
20.253605
20.466939
20.697687
20.906667
21.128707
21.315918
21.524898
21.733878
21.977687
22.182313
22.408707
23.10966
23.366531
23.57551
23.806259
24.920816
25.155918
25.408435
25.604354
26.805986
27.049796
27.768163
27.981497
28.725986
28.948027
29.57932
29.792653
29.966803
30.315102
31.011701
31.216327
31.46449
31.695238
32.46585
32.683537
32.835918
32.979592
33.10585
33.219048
33.480272
33.702313
33.941769
34.176871
34.856054
35.056327
35.343673
35.530884
35.77034
36.079456
36.72381
36.958912
40.511565
40.764082
41.521633
41.787211
42.562177
42.832109
43.559184
43.837823
44.517007
44.786939
45.017687
45.352925
50.355374
50.612245
50.816871
51.091156
51.291429
51.504762
51.744218
52.205714
52.427755
52.636735
52.863129
52.985034
53.111293
53.207075
53.346395
53.616327
54.047347
54.317279
55.009524
55.244626
55.928163
56.185034
56.85551
57.086259
57.756735
58.026667
58.723265
58.98449
59.924898
60.560544
60.813061
61.479184
61.722993
61.953741
62.332517
62.641633
63.303401
63.573333
63.821497
64.330884
64.805442
65.023129
65.266939
65.493333
66.416327
67.33932
68.23619
69.995102
70.682993
70.913741
71.14449
71.366531
71.592925
71.832381
72.045714
72.298231
72.515918
72.742313
72.986122
73.46068
73.922177
74.357551
74.601361
74.832109
75.041088
75.263129
75.480816
75.689796
75.907483
76.133878
76.364626
76.595374
76.808707
77.017687
77.239728
77.448707
77.705578
77.914558
78.145306
78.410884
78.885442
79.329524
79.764898
80.004354
80.230748
80.435374
80.666122
80.879456
81.10585
81.319184
81.536871
81.767619
81.985306
82.211701
82.411973
82.655782
82.869116
83.112925
83.321905
83.557007
84.022857
84.462585
84.928435
85.394286
85.820952
86.347755
89.926531
92.795646
93.679456
94.602449
95.512381
96.474558
97.388844
98.294422
99.152109
99.66585
100.140408
101.603265
101.72517
101.825306
101.929796
102.060408
102.160544
102.273741
102.386939
102.482721
102.587211
102.682993
102.809252
102.90068
103.013878
103.131429
103.262041
103.357823
103.479728
103.588571
103.688707
103.81932
103.928163
104.023946
104.132789
104.241633
104.346122
104.45932
104.568163
104.690068
104.78585
104.903401
105.020952
105.147211
105.247347
105.373605
105.482449
105.734966
106.222585
106.475102
106.70585
106.901769
107.01932
107.154286
107.319728
107.437279
108.142585
108.40381
108.582313
108.83483
108.948027
109.056871
109.170068
109.322449
109.561905
109.797007
110.053878
110.162721
110.302041
111.002993
111.229388
111.442721
111.695238
111.925986
112.165442
112.404898
112.870748
113.10585
113.336599
113.554286
113.785034
114.015782
115.02585
115.927075
116.558367
116.806531
117.002449
117.246259
117.385578
117.537959
117.646803
117.742585
118.4
118.630748
118.861497
119.061769
119.253333
119.566803
120.080544
120.485442
121.351837
121.852517
122.279184
123.149932
123.668027
124.094694
124.569252
124.8
125.048163
125.94068
126.450068
126.558912
126.65034
126.750476
126.846259
126.950748
127.063946
127.177143
127.268571
127.373061
127.503673
127.616871
127.856327
128.043537
128.269932
128.522449
128.761905
129.236463
129.693605
130.115918
130.35102
130.603537
130.838639
131.091156
131.330612
131.583129
132.04898
132.497415
132.971973
133.194014
134.378231
134.648163
134.852789
135.118367
135.558095
136.071837
137.182041
137.412789
137.604354
137.835102
138.300952
138.749388
139.032381
139.271837
139.480816
139.702857
139.955374
140.442993
140.856599
141.37034
141.83619
142.049524
142.28898
142.515374
142.763537
143.29034
143.721361
144.222041
144.64
144.74449
144.84898
145.118912
145.380136
146.033197
146.277007
148.958912
149.202721
149.890612
150.143129
152.78585
153.034014
153.695782
153.930884
154.575238
154.814694
155.263129
155.733333
156.948027
157.19619
157.44
157.718639
158.885442
159.094422
159.36
159.60381
160.252517
160.522449
161.232109
161.48898
162.224762
162.481633
163.160816
163.452517
164.136054
164.379864
164.610612
164.863129
165.059048
165.337687
165.520544
165.764354
166.482721
166.700408
167.392653
167.649524
168.359184
168.589932
169.247347
169.491156
170.144218
170.41415
170.692789
171.110748
176.017415
176.248163
176.470204
176.622585
176.914286
177.153741
177.397551
177.837279
178.063673
178.272653
178.512109
178.642721
178.729796
178.847347
178.986667
179.247891
179.718095
179.97932
180.558367
180.823946
181.032925
181.220136
181.468299
181.681633
181.929796
182.125714
182.382585
182.604626
182.835374
183.070476
183.314286
183.558095
183.767075
183.993469
184.228571
184.463673
184.672653
184.903401
185.155918
185.35619
185.586939
185.813333
186.000544
186.24
186.453333
186.714558
186.906122
187.158639
187.376327
187.611429
187.811701
188.068571
188.634558
188.739048
188.882721
188.965442
189.640272
189.857959
190.519728
190.772245
191.011701
191.46449
191.686531
192.326531
192.557279
192.788027
193.266939
193.741497
193.98966
194.211701
194.45551
195.125986
195.369796
195.609252
195.84
196.04898
196.284082
196.501769
196.745578
196.941497
197.180952
197.407347
197.672925
197.89932
198.117007
198.430476
198.870204
199.331701
199.806259
200.023946
200.25034
200.463673
200.707483
200.907755
201.147211
201.35619
201.582585
201.817687
202.017959
202.266122
202.466395
202.684082
202.893061
203.136871
203.402449
203.602721
203.890068
204.342857
204.817415
205.252789
205.47483
205.709932
205.910204
206.14966
206.358639
206.571973
206.798367
207.020408
207.233741
207.46449
207.682177
207.899864
208.117551
208.326531
208.596463
208.827211
209.023129
209.28
209.724082
209.967891
210.207347
210.647075
211.117279
211.539592
211.818231
212.971973
213.468299
213.93415
214.439184
216.555102
216.768435
216.973061
217.208163
217.687075
218.165986
218.592653
218.788571
219.036735
219.228299
219.48517
219.733333
219.920544
220.355918
220.8
221.278912
221.483537
221.705578
221.949388
222.389116
222.850612
223.055238
223.307755
223.516735
223.734422
224.20898
224.670476
225.149388
225.580408
225.771973
225.994014
226.211701
226.485986
226.982313
227.44381
227.966259
228.423401
228.623673
228.837007
229.054694
230.016871
230.944218
231.915102
232.411429
232.999184
235.785578
236.003265
236.251429
236.456054
236.643265
236.874014
237.561905
237.762177
238.014694
238.228027
238.471837
238.698231
241.166803
241.388844
241.994014
242.242177
242.472925
242.681905
242.903946
243.139048
243.774694
244.009796
244.253605
244.449524
244.636735
244.884898
245.590204
245.812245
246.534966
246.774422
247.379592
247.619048
247.823673
248.037007
248.254694
248.463673
248.690068
248.903401
249.094966
249.325714
249.521633
249.726259
249.957007
250.17034
250.374966
250.588299
250.801633
250.988844
251.219592
251.437279
251.641905
251.824762
252.042449
252.260136
252.451701
252.665034
252.891429
253.087347
253.291973
253.574966
256.857687
259.352381
260.284082
261.29415
262.151837
262.395646
262.844082
263.070476
263.305578
263.762721
263.976054
264.224218
264.672653
264.877279
265.125442
265.586939
265.839456
266.366259
267.001905
