0.168345
0.446984
1.155193
1.387392
3.935782
4.197007
4.847166
5.090975
7.73805
7.987664
8.643628
8.916463
9.543401
9.816236
10.28644
10.721814
11.371973
11.609977
11.830567
12.039546
12.254331
12.486531
12.70712
12.9161
13.136689
13.345669
13.583673
13.804263
14.024853
14.262857
14.477642
14.686621
14.907211
15.121995
15.34839
15.551565
15.760544
15.969524
16.178503
16.416508
16.631293
16.834467
17.049252
17.264036
17.467211
17.693605
17.902585
18.11737
18.337959
18.541134
18.750113
18.953288
19.185488
19.411882
19.615057
19.818231
20.027211
20.2478
20.44517
20.65415
20.874739
21.077914
21.286893
21.513288
22.163447
22.407256
22.645261
22.90068
23.997823
24.224218
24.450612
24.688617
25.768345
25.936689
26.639093
26.888707
27.498231
27.718821
28.31093
28.525714
28.734694
28.995918
29.646077
29.884082
30.110476
30.302041
30.97542
31.161179
31.283084
31.393379
31.503673
31.648798
31.834558
32.078367
32.327982
32.536961
33.10585
33.378685
33.639909
33.819864
34.057868
34.371338
34.998277
35.207256
38.17941
38.429025
39.119819
39.363628
40.054422
40.327256
40.96
41.221224
41.795918
42.068753
42.341587
42.736327
47.258413
47.496417
47.717007
47.943401
48.175601
48.39619
48.622585
49.057959
49.313379
49.510748
49.748753
49.864853
49.975147
50.120272
50.207347
50.439546
50.863311
51.09551
51.768889
52.018503
52.697687
52.953107
53.638095
53.88771
54.601723
54.857143
55.501497
55.751111
56.639274
57.283628
57.527438
58.136961
58.380771
58.618776
59.03093
59.292154
59.924898
60.151293
60.412517
60.836281
61.248435
61.492245
61.701224
61.968254
62.815782
63.669116
64.539864
66.298776
66.954739
67.163719
67.378503
67.581678
67.819683
68.034467
68.266667
68.487256
68.696236
68.89941
69.16644
69.630839
70.054603
70.449342
70.704762
70.902132
71.116916
71.354921
71.5639
71.778685
71.987664
72.219864
72.434649
72.643628
72.846803
73.067392
73.270567
73.496961
73.734966
73.967166
74.17034
74.41415
74.849524
75.279093
75.685442
75.917642
76.155646
76.341406
76.55619
76.75356
77.003175
77.217959
77.438549
77.641723
77.868118
78.077098
78.268662
78.471837
78.692426
78.953651
79.133605
79.412245
79.818594
80.282993
80.695147
81.182766
81.560091
82.04771
85.611973
88.206803
89.077551
89.977324
90.888707
91.840726
92.723084
93.605442
94.49941
94.97542
95.445624
96.763356
96.885261
97.007166
97.100408
97.217959
97.309388
97.433469
97.547755
97.639184
97.746939
97.844898
97.965714
98.063673
98.164898
98.269388
98.393469
98.497959
98.602449
98.703673
98.801633
98.925714
99.036735
99.134694
99.24898
99.343673
99.457959
99.559184
99.666939
99.787755
99.879184
99.996735
100.127347
100.228571
100.333061
100.440816
100.555102
100.816327
101.208163
101.453061
101.665306
101.86449
101.96898
102.112653
102.213878
102.357551
102.974694
103.196735
103.392653
103.621224
103.758367
103.879184
103.983673
104.058776
104.274286
104.496327
104.718367
104.85551
104.969796
105.554286
105.769796
105.995102
106.220408
106.439184
106.67102
106.912653
107.363265
107.578776
107.797551
108.035918
108.228571
108.473469
109.33551
110.226939
110.840816
111.059592
111.26712
111.473923
111.597279
111.687982
111.793197
111.945578
112.529705
112.740136
112.961451
113.153741
113.356916
113.578231
114.08254
114.481633
115.232653
115.689796
116.096145
116.919728
117.384127
117.739683
118.189569
118.403628
118.643084
119.473923
120.003628
120.112472
120.206803
120.312018
120.402721
120.497052
120.591383
120.707483
120.801814
120.896145
120.98322
121.070295
121.3678
121.589116
121.799546
122.020862
122.292971
122.692063
123.109297
123.544671
123.726077
123.925624
124.161451
124.419048
124.60771
124.850794
125.275283
125.732426
126.077098
126.291156
127.404989
127.648073
127.851247
128.090703
128.54059
128.98322
130.064399
130.303855
130.481633
130.724717
131.167347
131.613605
131.87483
132.070748
132.255782
132.462585
132.694785
133.133787
133.569161
134.019048
134.432653
134.628571
134.831746
135.031293
135.296145
135.760544
136.217687
136.631293
136.98322
137.110204
137.229932
137.454875
137.672562
138.311111
138.565079
141.024943
141.257143
141.913832
142.146032
144.493424
144.696599
145.338776
145.589116
146.195011
146.445351
146.858957
147.290703
148.426304
148.654875
148.905215
149.090249
150.185941
150.403628
150.621315
150.846259
151.473923
151.695238
152.333787
152.595011
153.273469
153.494785
154.111565
154.369161
155.000454
155.247166
155.453968
155.678912
155.889342
156.103401
156.321088
156.535147
157.253515
157.471202
158.051701
158.316553
158.973243
159.223583
159.862132
160.101587
160.689342
160.907029
161.160998
161.516553
165.913832
166.109751
166.345578
166.563265
166.773696
166.995011
167.230839
167.687982
167.912925
168.119728
168.36644
168.493424
168.598639
168.714739
168.819955
169.070295
169.447619
169.67619
170.234921
170.44898
170.677551
170.866213
171.0839
171.297959
171.515646
171.736961
171.972789
172.190476
172.379138
172.636735
172.861678
173.079365
173.304308
173.492971
173.728798
173.942857
174.171429
174.4
174.606803
174.817234
175.027664
175.234467
175.437642
175.669841
175.894785
176.087075
176.297506
176.497052
176.75102
176.936054
177.164626
177.389569
177.897506
177.999093
178.115193
178.213152
178.840816
179.105669
179.689796
179.911111
180.179592
180.582313
180.829025
181.413152
181.630839
181.815873
182.320181
182.755556
182.969615
183.198186
183.412245
184.014512
184.228571
184.449887
184.660317
184.888889
185.102948
185.287982
185.505669
185.730612
185.944671
186.169615
186.430839
186.64127
186.877098
187.105669
187.530159
187.95102
188.360998
188.582313
188.803628
189.035828
189.246259
189.449433
189.659864
189.844898
190.080726
190.294785
190.497959
190.704762
190.918821
191.103855
191.328798
191.560998
191.811338
191.989116
192.199546
192.634921
193.055782
193.458503
193.705215
193.912018
194.118821
194.336508
194.528798
194.750113
194.94966
195.170975
195.388662
195.599093
195.809524
196.005442
196.204989
196.458957
196.673016
196.861678
197.075737
197.297052
197.714286
197.89932
198.14966
198.541497
198.984127
199.375964
199.619048
200.725624
201.197279
201.661678
202.093424
203.961905
204.179592
204.390023
204.600454
205.093878
205.536508
205.971882
206.1678
206.385488
206.6322
206.82449
207.053061
207.223583
207.622676
208.079819
208.48254
208.707483
208.896145
209.131973
209.54195
209.970068
210.169615
210.380045
210.608617
210.826304
211.236281
211.628118
212.038095
212.462585
212.658503
212.854422
213.064853
213.311565
213.750567
214.1678
214.595918
214.998639
215.19093
215.404989
215.61542
216.493424
217.371429
218.176871
218.644898
219.156463
221.431293
221.638095
221.888435
222.117007
222.302041
222.512472
223.154649
223.365079
223.579138
223.775057
223.981859
224.217687
226.44898
226.684807
227.239909
227.468481
227.68254
227.878458
228.085261
228.331973
228.945125
229.16644
229.402268
229.576417
229.801361
230.004535
230.599546
230.828118
231.455782
231.644444
232.235828
232.449887
232.656689
232.859864
233.070295
233.284354
233.487528
233.679819
233.875737
234.075283
234.282086
234.488889
234.692063
234.887982
235.098413
235.290703
235.497506
235.697052
235.903855
236.092517
236.29932
236.484354
236.691156
236.905215
237.10839
237.30068
237.521995
237.692517
237.89932
238.14966
241.197279
243.570068
244.469841
245.387755
246.22585
246.487075
246.907937
247.129252
247.357823
247.778685
247.992744
248.214059
248.624036
248.852608
249.055782
249.451247
249.643537
250.165986
250.710204
