0.166893
0.435374
1.193651
1.422222
4.023583
4.273923
4.948753
5.191837
7.880272
8.137868
8.845351
9.121088
9.788662
10.035374
10.521542
10.960544
11.68254
11.925624
12.150567
12.368254
12.585941
12.803628
13.014059
13.228118
13.442177
13.663492
13.870295
14.084354
14.327438
14.541497
14.748299
14.95873
15.143764
15.38322
15.600907
15.804082
16.007256
16.217687
16.449887
16.653061
16.870748
17.073923
17.269841
17.476644
17.708844
17.922902
18.136961
18.35102
18.561451
18.77551
18.964172
19.181859
19.377778
19.591837
19.787755
20.001814
20.201361
20.408163
20.60771
20.810884
21.014059
21.206349
21.41678
21.623583
22.280272
22.497959
22.715646
22.973243
24.195918
24.428118
24.667574
24.914286
26.075283
26.289342
27.062132
27.27619
28.038095
28.252154
28.919728
29.126531
29.369615
29.616327
30.276644
30.526984
30.762812
30.955102
31.687982
31.891156
32.021769
32.13424
32.239456
32.391837
32.627664
32.852608
33.081179
33.327891
34.013605
34.238549
34.543311
34.702948
34.960544
35.265306
35.93288
36.255782
39.303401
39.571882
40.290249
40.565986
41.262585
41.52381
42.242177
42.507029
43.120181
43.272562
43.399546
43.657143
44.056236
48.595011
48.816327
49.034014
49.266213
49.498413
49.730612
49.959184
50.358277
50.612245
50.800907
51.02585
51.112925
51.243537
51.345125
51.490249
51.715193
52.150567
52.382766
53.057596
53.322449
54.03356
54.298413
54.969615
55.212698
55.891156
56.159637
56.830839
57.110204
58.031746
58.681179
58.956916
59.639002
59.892971
60.136054
60.564172
60.836281
61.463946
61.707029
61.968254
62.432653
62.886168
63.111111
63.339683
63.604535
64.48254
65.393197
66.285714
67.987302
68.662132
68.890703
69.119274
69.344218
69.547392
69.78322
70.008163
70.247619
70.47619
70.697506
70.936961
71.412245
71.858503
72.312018
72.547846
72.776417
72.990476
73.204535
73.436735
73.654422
73.875737
74.071655
74.292971
74.517914
74.721088
74.942404
75.170975
75.406803
75.649887
75.882086
76.092517
76.368254
76.861678
77.304308
77.717914
77.960998
78.200454
78.378231
78.621315
78.831746
79.063946
79.270748
79.492063
79.713379
79.938322
80.166893
80.370068
80.598639
80.805442
81.05941
81.244444
81.502041
81.970068
82.419955
82.902494
83.359637
83.81678
84.328345
87.970975
90.554195
91.428571
92.364626
93.304308
94.273016
95.252608
96.17415
97.055782
97.538322
98.04263
99.58458
99.70068
99.809524
99.907483
100.041723
100.136054
100.234014
100.350113
100.451701
100.556916
100.658503
100.774603
100.868934
100.981406
101.093878
101.217234
101.315193
101.424036
101.503855
101.627211
101.743311
101.852154
101.953741
102.077098
102.178685
102.2839
102.396372
102.505215
102.621315
102.730159
102.846259
102.94059
103.060317
103.13288
103.241723
103.375964
103.651701
104.083447
104.304762
104.526077
104.736508
104.823583
104.975964
105.088435
105.240816
105.879365
106.111565
106.318367
106.543311
106.64127
106.750113
106.866213
107.000454
107.301587
107.519274
107.878458
108.078005
108.749206
108.988662
109.217234
109.47483
109.674376
109.921088
110.1678
110.6322
110.846259
111.078458
111.310658
111.521088
111.760544
112.725624
113.625397
114.292971
114.550567
114.753741
114.982313
115.102041
115.207256
115.3161
115.472109
116.059864
116.284807
116.502494
116.716553
116.937868
117.195465
117.739683
118.135147
119.024036
119.444898
119.898413
120.685714
121.168254
121.610884
122.064399
122.282086
122.507029
123.388662
123.609977
123.900227
124.019955
124.114286
124.208617
124.331973
124.429932
124.535147
124.651247
124.749206
124.847166
124.977778
125.061224
125.30068
125.525624
125.732426
126.004535
126.218594
126.686621
126.889796
127.143764
127.568254
127.822222
128.039909
128.319274
128.55873
128.758277
129.012245
129.494785
129.937415
130.325624
130.579592
131.704308
131.947392
132.161451
132.429932
132.894331
133.365986
134.508844
134.722902
134.90068
135.147392
135.63356
136.065306
136.341043
136.565986
136.747392
136.990476
137.248073
137.67619
138.129705
138.612245
139.069388
139.283447
139.486621
139.693424
139.940136
140.43356
140.887075
141.384127
141.746939
141.990023
142.273016
142.505215
143.223583
143.488435
146.075283
146.329252
147.018594
147.261678
149.870295
150.117007
150.78458
151.027664
151.69161
151.909297
152.377324
152.834467
154.075283
154.318367
154.557823
154.800907
155.976417
156.215873
156.440816
156.669388
157.322449
157.554649
157.819501
158.251247
158.501587
159.230839
159.484807
160.148753
160.42449
161.081179
161.324263
161.570975
161.817687
162.039002
162.263946
162.485261
162.724717
163.443084
163.678912
164.408163
164.651247
165.405896
165.663492
166.327438
166.523356
167.230839
167.492063
167.7678
168.137868
172.767347
173.014059
173.239002
173.373243
173.678005
173.910204
174.153288
174.59229
174.820862
175.045805
175.274376
175.386848
175.470295
175.568254
175.709751
175.931066
176.377324
176.627664
177.204535
177.440363
177.643537
177.886621
178.093424
178.292971
178.517914
178.739229
178.964172
179.181859
179.421315
179.653515
179.867574
180.085261
180.306576
180.527891
180.756463
180.963265
181.195465
181.420408
181.60907
181.837642
182.058957
182.291156
182.468934
182.712018
182.929705
183.154649
183.357823
183.553741
183.804082
184.021769
184.228571
184.464399
185.019501
185.131973
185.226304
185.335147
186.013605
186.242177
186.873469
187.112925
187.345125
187.798639
188.027211
188.676644
188.9161
189.170068
189.623583
190.117007
190.34195
190.559637
190.817234
191.44127
191.648073
191.909297
192.130612
192.351927
192.569615
192.761905
193.004989
193.226304
193.451247
193.683447
193.922902
194.173243
194.394558
194.644898
195.120181
195.599093
196.030839
196.281179
196.49161
196.705669
196.930612
197.141043
197.362358
197.576417
197.801361
198.01542
198.240363
198.45805
198.657596
198.88254
199.096599
199.332426
199.535601
199.756916
199.996372
200.478912
200.943311
201.364172
201.592744
201.806803
202.006349
202.220408
202.44898
202.666667
202.866213
203.094785
203.305215
203.533787
203.736961
203.921995
204.143311
204.313832
204.585941
204.807256
205.003175
205.286168
205.717914
205.942857
206.160544
206.599546
207.063946
207.455782
207.69161
208.896145
209.389569
209.864853
210.369161
212.451701
212.673016
212.887075
213.130159
213.594558
214.077098
214.530612
214.737415
214.976871
215.219955
215.434014
215.669841
215.840363
216.315646
216.703855
217.190023
217.400454
217.614512
217.846712
218.278458
218.706576
218.902494
219.112925
219.330612
219.56644
220.027211
220.473469
220.948753
221.380499
221.572789
221.786848
222.011791
222.280272
222.733787
223.183673
223.695238
224.145125
224.337415
224.536961
224.761905
225.708844
226.601361
227.479365
227.965533
228.513379
231.346939
231.57551
231.82585
232.032653
232.221315
232.428118
233.113832
233.335147
233.534694
233.73424
233.941043
234.165986
236.662132
236.894331
237.478458
237.721542
237.928345
238.171429
238.385488
238.610431
239.299773
239.535601
239.764172
239.967347
240.188662
240.406349
241.095692
241.353288
242.053515
242.278458
242.971429
243.2
243.417687
243.62449
243.842177
244.04898
244.273923
244.473469
244.6839
244.883447
245.068481
245.322449
245.529252
245.728798
245.942857
246.142404
246.356463
246.570522
246.770068
246.991383
247.183673
247.390476
247.579138
247.796825
248.003628
248.206803
248.439002
248.645805
248.834467
249.092063
252.342857
254.871655
255.778685
256.743764
257.596372
257.839456
258.292971
258.514286
258.731973
259.192744
259.421315
259.653515
260.085261
260.302948
260.546032
260.959637
261.213605
261.757823
262.309297
