0.203175
0.477460
1.208889
1.401905
4.114286
4.378413
5.089524
5.323175
8.025397
8.269206
9.020952
9.305397
10.016508
10.250159
10.727619
11.245714
12.068571
12.312381
12.566349
12.800000
13.053968
13.277460
13.511111
13.754921
14.019048
14.242540
14.455873
14.699683
14.973968
15.227937
15.441270
15.674921
15.928889
16.162540
16.375873
16.619683
16.863492
17.117460
17.300317
17.564444
17.777778
18.041905
18.245079
18.499048
18.712381
18.966349
19.189841
19.453968
19.687619
19.921270
20.165079
20.398730
20.642540
20.886349
21.109841
21.333333
21.577143
21.810794
22.034286
22.308571
22.542222
22.775873
23.029841
23.253333
24.015238
24.248889
24.452063
24.746667
25.955556
26.189206
26.463492
26.697143
27.885714
28.119365
28.881270
29.043810
29.876825
30.130794
30.882540
31.106032
31.420952
31.674921
32.396190
32.670476
32.934603
33.158095
33.940317
34.163810
34.245079
34.326349
34.448254
34.560000
34.692063
34.935873
35.159365
35.423492
35.707937
36.459683
36.703492
37.231746
37.455238
38.481270
38.775873
41.894603
42.260317
43.062857
43.276190
44.058413
44.342857
45.074286
45.338413
46.080000
46.344127
46.628571
46.953651
