0.152381
0.528254
1.147937
1.503492
4.104127
4.398730
5.079365
5.394286
8.045714
8.309841
9.061587
9.356190
9.975873
10.260317
10.768254
11.276190
12.017778
12.322540
12.535873
12.759365
13.033651
13.246984
13.490794
13.734603
13.998730
14.293333
14.526984
14.709841
14.973968
15.197460
15.441270
15.674921
15.949206
16.172698
16.416508
16.640000
16.904127
17.127619
17.340952
17.625397
17.828571
18.052063
18.285714
18.529524
18.783492
19.037460
19.230476
19.474286
19.718095
19.921270
20.226032
20.480000
20.703492
20.967619
21.160635
21.384127
21.607619
21.820952
22.074921
22.308571
22.511746
22.786032
23.009524
23.344762
24.005079
24.248889
24.513016
24.807619
25.894603
26.168889
26.422857
26.656508
27.855238
28.241270
28.860952
29.135238
29.856508
30.181587
30.862222
31.197460
33.432381
33.686349
34.397460
34.692063
34.986667
35.271111
37.932698
38.237460
38.999365
39.233016
39.994921
40.269206
40.553651
40.746667
41.752381
42.768254
43.824762
44.800000
45.826032
46.953651
