0.176327
0.476735
0.744490
0.986122
1.208163
1.462857
1.737143
1.926531
2.168163
2.435918
2.729796
2.925714
3.141224
3.376327
3.650612
3.872653
4.101224
4.355918
4.617143
4.884898
5.133061
5.368163
5.681633
5.857959
6.119184
6.354286
6.595918
6.863673
7.066122
7.288163
7.568980
7.856327
8.058776
8.326531
8.587755
8.809796
9.031837
9.286531
9.573878
9.782857
10.017959
10.292245
10.560000
10.801633
10.945306
11.069388
11.278367
11.559184
11.787755
12.068571
12.316735
12.564898
12.786939
13.035102
13.263673
13.505306
13.746939
14.001633
14.249796
14.511020
14.739592
14.955102
15.209796
15.444898
15.673469
15.915102
16.176327
16.411429
16.653061
16.894694
17.136327
17.351837
17.580408
17.795918
18.057143
18.285714
18.507755
18.755918
19.017143
19.226122
19.493878
19.709388
19.957551
20.173061
20.421224
20.662857
20.897959
21.146122
21.381224
21.616327
21.851429
22.073469
22.308571
22.452245
22.569796
22.785306
23.013878
23.255510
23.503673
23.764898
24.502857
24.705306
24.966531
25.195102
25.443265
25.717551
26.416327
26.657959
26.925714
27.128163
27.389388
27.650612
28.179592
28.408163
28.675918
29.152653
29.374694
29.701224
30.171429
30.419592
30.674286
31.170612
31.908571
32.163265
32.424490
32.666122
32.927347
33.188571
35.964082
36.297143
36.427755
36.558367
36.643265
36.734694
37.002449
37.231020
37.498776
37.753469
37.995102
38.243265
38.471837
38.746122
39.000816
39.229388
39.471020
39.777959
40.489796
40.751020
40.999184
41.266939
41.502041
41.743673
42.468571
42.775510
43.324082
43.565714
43.826939
44.545306
44.839184
45.361633
45.590204
45.818776
46.576327
47.000816
48.568163
