0.195918
0.444082
1.175510
1.443265
2.181224
2.435918
2.657959
2.899592
3.128163
3.369796
3.637551
3.879184
4.120816
4.375510
5.061224
5.335510
6.112653
6.556735
6.824490
7.092245
7.327347
7.542857
7.791020
8.026122
8.300408
9.018776
9.253878
10.017959
10.272653
10.782041
11.252245
12.003265
12.303673
12.545306
12.806531
13.041633
13.270204
13.531429
13.779592
14.027755
14.236735
14.478367
14.661224
14.961633
15.177143
15.425306
15.666939
15.902041
16.137143
16.365714
16.620408
16.855510
17.097143
17.345306
17.600000
17.802449
18.057143
18.292245
18.514286
18.788571
18.997551
19.213061
19.467755
19.702857
19.931429
20.186122
20.375510
20.636735
20.871837
21.100408
21.342041
21.583673
21.825306
22.066939
22.288980
22.543673
22.778776
23.013878
23.255510
23.497143
23.751837
24.476735
24.724898
24.966531
25.234286
25.443265
25.678367
26.448980
26.664490
26.919184
27.134694
27.369796
27.637551
28.173061
28.480000
28.695510
29.146122
29.400816
29.642449
30.191020
30.439184
30.687347
31.151020
32.398367
32.666122
32.933878
33.162449
33.933061
34.194286
34.324898
34.429388
34.586122
34.677551
34.919184
35.160816
36.003265
36.212245
36.342857
36.466939
36.584490
36.715102
36.976327
37.217959
37.472653
37.701224
38.210612
38.465306
38.726531
38.981224
39.229388
39.516735
40.000000
40.254694
40.502857
40.751020
40.992653
41.221224
41.991837
42.266122
43.017143
43.311020
44.068571
44.342857
45.080816
45.342041
46.093061
46.373878
46.687347
46.889796
