0.203175
0.426667
1.168254
1.361270
3.905306
4.114286
4.806531
5.015510
7.562449
7.810612
8.463673
8.698776
9.397551
9.586939
10.076735
10.494694
11.252245
11.461224
11.702857
11.911837
12.133878
12.362449
12.577959
12.800000
13.022041
13.237551
13.433469
13.688163
13.910204
14.093061
14.328163
14.543673
14.746122
14.981224
15.216327
15.444898
15.627755
15.836735
16.058776
16.274286
16.476735
16.711837
16.901224
17.123265
17.351837
17.586939
17.802449
17.998367
18.213878
18.422857
18.618776
18.847347
19.075918
19.271837
19.487347
19.709388
19.918367
20.120816
20.349388
20.558367
20.793469
21.002449
21.237551
21.459592
22.171429
22.413061
22.602449
22.902857
23.960816
24.176327
24.431020
24.698776
25.730612
25.900408
26.592653
26.788571
27.520000
27.794286
28.414694
28.688980
28.884898
29.126531
29.792653
30.034286
30.282449
30.556735
31.164082
31.373061
31.525442
31.629932
31.730068
31.851973
32.100136
32.282993
32.531156
32.783673
33.445442
33.706667
33.920000
34.150748
34.368435
34.568707
35.295782
35.583129
38.491429
38.717823
39.449252
39.653878
40.328707
40.581224
41.256054
41.495510
42.165986
42.448980
42.679728
43.062857
