0.189388
0.444082
1.116735
1.384490
3.859592
4.107755
4.793469
5.028571
7.549388
7.784490
8.470204
8.737959
9.364898
9.619592
10.057143
10.527347
11.239184
11.480816
11.702857
11.905306
12.133878
12.342857
12.571429
12.819592
13.022041
13.244082
13.459592
13.675102
13.884082
14.086531
14.334694
14.550204
14.713469
14.968163
15.190204
15.386122
15.627755
15.875918
16.078367
16.267755
16.502857
16.718367
16.940408
17.149388
17.351837
17.567347
17.776327
18.017959
18.226939
18.455510
18.651429
18.853878
19.088980
19.304490
19.506939
19.715918
19.931429
20.146939
20.303673
20.597551
20.832653
21.080816
21.263673
21.518367
22.171429
22.380408
22.661224
22.876735
23.954286
24.176327
24.411429
24.653061
25.724082
25.959184
26.618776
26.880000
27.513469
27.735510
28.447347
28.688980
30.687347
30.961633
31.614694
31.882449
32.065306
32.254694
34.795102
35.062857
35.722449
35.970612
36.636735
36.871837
37.087347
37.368163
38.256327
39.209796
40.091429
41.018776
41.985306
43.004082
