0.178503
0.463673
0.698776
0.946939
1.164626
1.388844
1.656599
1.863401
2.078912
2.307483
2.568707
2.805986
2.982313
3.204354
3.430748
3.670204
3.894422
4.120816
4.355918
4.577959
4.789116
5.024218
5.281088
5.494422
5.707755
5.968980
6.191020
6.437007
6.637279
6.902857
7.098413
7.314286
7.555556
7.819683
8.055873
8.271746
8.469841
8.711111
8.949841
9.183492
9.371429
9.620317
9.838730
10.046984
10.168163
10.285714
10.346667
10.503401
10.751565
11.004082
11.219592
11.459048
11.713741
11.937959
12.157823
12.379864
12.591020
12.813061
13.022041
13.246259
13.461769
13.683810
13.888435
14.117007
14.354286
14.558912
14.787483
15.011701
15.209796
15.431837
15.634286
15.856327
16.058776
16.293878
16.498503
16.714014
16.933878
17.149388
17.375782
17.565170
17.787211
18.007075
18.189932
18.438095
18.653605
18.849524
19.062857
19.291429
19.520000
19.720272
19.937959
20.140408
20.362449
20.569252
20.736871
20.839184
20.902313
21.008980
21.254966
21.505306
21.696871
21.958095
22.630748
22.861497
23.085714
23.318639
23.508027
23.784490
24.415782
24.626939
24.842449
25.044898
25.269116
25.508571
25.987483
26.198639
26.418503
26.829932
27.082449
27.317551
27.761633
28.018503
28.236190
28.658503
29.357279
29.607619
29.823129
30.056054
30.282449
30.517551
32.983946
33.249524
33.386667
33.515102
33.610884
33.706667
33.948299
34.137687
34.353197
34.590476
34.842993
35.047619
35.289252
35.498231
35.757279
35.940136
36.168707
36.436463
37.120000
37.328980
37.577143
37.814422
38.023401
38.297687
39.007347
39.179320
39.675646
39.882449
40.121905
40.783673
41.034014
41.486803
41.702313
41.961361
42.742857
43.021497
44.786939
