0.172698
0.436825
1.117460
1.391746
2.068027
2.285714
2.517914
2.757370
3.011338
3.192744
3.403175
3.642630
3.860317
4.114286
4.796372
5.043084
5.717914
5.950113
6.182313
6.407256
6.624943
6.893424
7.118367
7.314286
7.553741
7.764172
8.453515
8.678458
9.367800
9.600000
10.057143
10.499773
11.239909
11.508390
11.682540
11.936508
12.125170
12.350113
12.575057
12.800000
13.024943
13.220862
13.453061
13.685261
13.888435
14.098866
14.316553
14.563265
14.751927
14.998639
15.201814
15.426757
15.644444
15.840363
16.050794
16.275737
16.471655
16.682086
16.907029
17.124717
17.364172
17.581859
17.785034
17.973696
18.220408
18.430839
18.648526
18.851701
19.076644
19.258050
19.490249
19.700680
19.947392
20.157823
20.346485
20.585941
20.781859
21.014059
21.239002
21.456689
21.703401
21.964626
22.661224
22.842630
23.067574
23.292517
23.466667
23.742404
24.417234
24.605896
24.816327
25.026757
25.258957
25.505669
25.984580
26.231293
26.398186
26.840816
27.058503
27.326984
27.791383
27.994558
28.204989
28.640363
29.808617
30.062585
30.323810
30.505215
31.172789
31.405714
31.562449
31.653878
31.784490
31.888980
32.097959
32.359184
33.018776
33.260408
33.377959
33.488980
33.606531
33.691429
33.946122
34.161633
34.396735
34.592653
34.795102
35.056327
35.271837
35.500408
35.742041
35.964082
36.656327
36.878367
37.100408
37.328980
37.537959
37.799184
38.452245
38.726531
39.399184
39.660408
40.333061
40.555102
41.234286
41.462857
42.161633
42.422857
42.664490
42.977959
