0.177778
0.649433
0.776417
1.102948
1.400454
2.147846
2.405442
2.543311
2.677551
2.822676
2.978685
3.751474
3.885714
4.052608
4.212245
4.687528
5.275283
5.888435
6.410884
6.976871
7.539229
7.847619
8.094331
8.380952
8.634921
10.499773
11.004082
11.149206
11.417687
11.501134
11.707937
12.575057
12.702041
12.818141
12.941497
13.064853
13.213605
13.34059
13.616327
13.746939
13.881179
13.993651
14.142404
14.276644
14.396372
14.987755
15.49932
15.804082
16.072562
16.359184
16.631293
18.282086
18.797279
18.902494
19.221769
19.526531
20.248526
20.400907
20.509751
20.647619
20.774603
20.890703
21.053968
21.768707
21.928345
22.058957
22.185941
22.730159
23.223583
23.756916
24.268481
24.776417
25.15737
25.273469
25.531066
25.777778
26.028118
26.260317
27.660771
28.016327
28.103401
28.35737
28.578685
29.297052
29.41678
29.53288
29.638095
29.746939
29.855782
29.964626
30.193197
30.305669
30.418141
30.523356
30.653968
30.76644
30.860771
31.310658
31.775057
32.0
32.228571
32.453515
32.692971
34.020862
34.39093
34.503401
34.764626
34.975057
35.653515
35.784127
35.896599
36.012698
36.128798
36.252154
36.382766
36.847166
37.028571
37.347846
37.877551
37.982766
38.94059
39.194558
39.69161
40.493424
40.605896
40.736508
40.834467
40.957823
41.055782
41.193651
41.29161
41.436735
41.491156
41.636281
41.770522
41.872109
41.995465
42.15873
42.702948
43.094785
43.243537
43.504762
43.747846
44.480726
44.611338
44.731066
44.843537
44.99229
45.119274
45.246259
45.525624
45.779592
46.055329
46.294785
46.835374
47.880272
48.435374
