2.401814
2.880726
3.004082
3.287075
3.577324
4.455329
4.60771
4.745578
4.881995
5.02712
5.149025
5.30576
5.681633
6.164172
6.465306
6.759184
7.288889
7.564626
7.851247
8.1161
8.391837
8.689342
9.251701
9.810431
9.926531
10.234921
10.514286
11.439456
11.573696
11.718821
11.889342
12.023583
12.132426
12.263039
12.556916
12.687528
12.814512
12.966893
13.090249
13.217234
13.333333
13.638095
13.761451
13.85941
14.019048
14.153288
14.276644
14.4
14.563265
14.70839
15.24898
15.571882
15.7678
16.359184
16.660317
16.907029
17.179138
17.46576
17.806803
20.502494
20.93424
21.057596
21.336961
21.583673
22.421769
22.570522
22.686621
22.835374
22.984127
23.096599
23.245351
23.45941
23.590023
24.039909
24.293878
24.580499
25.034014
25.295238
25.538322
25.795918
26.04263
26.27483
26.735601
27.069388
27.196372
27.461224
27.678912
28.400907
28.517007
28.60771
28.734694
28.850794
28.952381
29.053968
29.315193
29.427664
29.511111
29.656236
29.761451
29.855782
29.95737
30.22585
30.327438
30.418141
30.530612
30.635828
30.737415
30.853515
30.991383
31.114739
31.521088
31.764172
31.909297
32.007256
32.486168
32.598639
32.729252
32.936054
33.17551
33.356916
33.618141
34.978685
35.352381
35.45034
35.715193
35.914739
36.600454
36.738322
36.861678
36.970522
37.101134
37.206349
37.333333
37.812245
38.037188
38.305669
38.809977
39.902041
40.177778
41.142857
41.629025
42.068027
42.184127
42.459864
42.688435
43.453968
43.599093
43.707937
43.842177
43.980045
44.081633
44.208617
44.473469
44.731066
45.006803
45.268027
46.037188
46.302041
46.59229
47.103855
47.379592
48.156009
48.435374
48.754649
49.004989
49.269841
49.581859
