0.237642
0.413605
1.237188
1.521995
4.569252
4.834830
5.655510
5.934150
8.957823
9.240816
10.096327
10.351020
11.143401
11.422041
11.988027
12.475646
13.357279
13.605442
13.873197
14.112653
14.382585
14.630748
14.898503
15.168435
15.414422
15.664762
15.910748
16.169796
16.415782
16.648707
16.894694
17.129796
17.377959
17.641361
17.911293
18.137687
18.403265
18.666667
18.927891
19.160816
19.424218
19.663673
19.872653
20.149116
20.416871
20.651973
20.869660
21.120000
21.402993
21.633741
21.888435
22.112653
22.358639
22.585034
22.813605
23.044354
23.277279
23.477551
23.701769
23.891156
24.082721
24.317823
24.524626
24.724898
25.347483
25.560816
25.763265
25.967891
26.954014
27.134694
27.339320
27.552653
28.530068
28.762993
29.326803
29.542313
30.130068
30.369524
30.924626
31.085714
31.331701
31.501497
32.150204
32.337415
32.546395
32.751020
33.388844
33.543401
33.664218
33.749116
33.843810
33.990748
34.160544
34.396735
34.631837
34.824490
35.457959
35.687619
35.920544
36.130612
36.328707
36.565986
37.176599
37.372517
40.635646
40.939320
41.750204
42.000544
42.836463
43.095510
43.906395
44.180680
45.092789
45.429116
45.801361
46.260680
