0.094694
0.453878
1.234286
1.521633
4.600816
4.881633
5.668571
5.929796
8.973061
9.237551
10.083265
10.360816
11.131429
11.408980
11.915102
12.509388
13.377959
13.648980
13.900408
14.161633
14.354286
14.638367
14.886531
15.124898
15.395918
15.611429
15.908571
16.173061
16.398367
16.675918
16.894694
17.671837
17.998367
18.220408
18.413061
18.674286
18.893061
19.105306
19.405714
19.644082
19.892245
20.130612
20.375510
20.649796
20.884898
21.103673
21.368163
21.609796
21.890612
22.109388
22.373878
22.586122
22.834286
23.053061
23.232653
23.471020
23.673469
23.879184
24.084898
24.447347
24.737959
25.335510
25.495510
25.658776
25.929796
26.912653
27.105306
27.297959
27.516735
28.499592
28.711837
29.309388
29.534694
30.089796
30.295510
30.906122
31.177143
32.946939
33.162449
33.789388
33.995102
34.341224
36.721633
36.979592
37.567347
37.844898
38.573061
38.837551
39.043265
39.343673
40.424490
41.528163
42.605714
43.660408
44.819592
46.256327
