0.156735
0.431020
0.705306
0.992653
1.214694
1.502041
1.854694
2.142041
2.364082
2.658685
2.960544
3.227574
3.471383
3.744218
4.063492
4.330522
4.551111
4.852971
5.120000
5.416054
5.642449
5.944308
6.246168
6.507392
6.754104
7.084989
7.328798
7.595828
7.888980
8.135692
8.446259
8.962902
9.282177
9.613061
9.845261
10.083265
10.364807
10.634739
10.939501
11.136871
11.412608
11.699955
11.935057
12.126531
12.343673
12.504490
12.814694
13.055510
13.326531
13.615510
13.888980
14.156735
14.375510
14.638367
14.911020
15.168980
15.430204
15.658776
15.913469
16.161633
16.434286
16.688980
16.940408
17.198367
17.444898
17.673469
17.929796
18.171429
18.419592
18.669388
18.920816
19.182041
19.417143
19.660408
19.931429
20.166531
20.417959
20.648163
20.907755
21.134694
21.395918
21.655510
21.890612
22.140408
22.329796
22.576327
22.790204
23.026939
23.240816
23.451429
23.673469
23.874286
24.023583
24.153469
24.215420
24.311837
24.506122
24.725624
24.904308
25.139229
25.772336
25.933787
26.124263
26.320181
26.516100
26.721088
27.314286
27.493878
27.687982
27.907483
28.072562
28.324717
28.745578
28.928798
29.106576
29.480272
29.678005
29.890249
30.478005
30.684807
31.085714
31.751474
31.936508
32.114286
32.302948
32.502494
32.740136
35.038549
35.272562
35.432200
35.550113
35.662585
35.905669
36.101587
36.302948
36.524263
36.776417
36.966893
37.190023
37.391383
37.663492
37.844898
38.064399
38.329252
39.042177
39.332426
39.580952
39.873016
40.107029
40.371882
41.211791
41.476644
42.039002
42.274830
42.565079
43.408617
43.651701
44.204989
44.489796
44.801814
45.792290
46.218594
47.722449
