0.130612
0.417959
1.253878
1.506395
2.406168
2.649977
2.922812
3.189841
3.465578
3.735510
4.034467
4.289887
4.591746
4.879093
5.636644
5.921088
6.783129
7.047256
7.296871
7.624853
7.891882
8.167619
8.411429
8.721995
8.989025
9.250249
10.039728
10.312562
11.128163
11.389388
11.961179
12.518458
13.325351
13.586576
13.853605
14.097415
14.373152
14.645986
14.907211
15.153923
15.429660
15.661859
15.902766
16.163991
16.404898
16.642902
16.912834
17.133424
17.426576
17.652971
17.920000
18.192834
18.413424
18.680454
18.930068
19.170975
19.406077
19.664399
19.919819
20.131701
20.384218
20.636735
20.877642
21.089524
21.397188
21.629388
21.876100
22.119909
22.343401
22.590113
22.819410
23.045805
23.246077
23.501497
23.719184
23.904943
24.116825
24.331610
24.540590
24.761179
24.920816
25.161723
25.765442
25.954104
26.171791
26.345941
26.520091
26.746485
27.332789
27.504036
27.747846
27.913288
28.096145
28.296417
28.755011
28.937868
29.141043
29.521270
29.910204
30.322358
30.493605
30.705488
32.121905
32.345397
32.592109
32.795283
33.343855
33.555737
33.679365
33.778231
33.871746
33.977324
34.204444
34.411429
35.046349
35.302857
35.391111
35.500227
35.598186
35.693333
35.900317
36.097143
36.314286
36.518730
36.927619
37.164444
37.360000
37.572063
37.763175
38.566531
38.822857
39.066122
39.296327
39.572245
39.867755
40.706939
40.991020
41.763265
42.065306
42.816327
43.113469
43.954286
44.225306
45.085714
45.425306
45.808980
46.257959
