0.140408
0.382041
1.172245
1.387755
4.081633
4.300408
5.051429
5.270204
7.872653
8.133878
8.845714
9.097143
9.861224
10.08
10.533878
11.043265
11.804082
12.068571
12.300408
12.548571
12.806531
13.041633
13.283265
13.528163
13.766531
14.011429
14.24
14.452245
14.690612
14.92898
15.170612
15.412245
15.634286
15.869388
16.10449
16.336327
16.564898
16.793469
17.038367
17.250612
17.49551
17.724082
17.946122
18.171429
18.413061
18.651429
18.876735
19.105306
19.346939
19.565714
19.807347
20.019592
20.267755
20.509388
20.734694
20.976327
21.195102
21.430204
21.662041
21.900408
22.13551
22.377143
22.60898
22.837551
23.62449
23.859592
24.127347
24.398367
25.55102
25.805714
26.053878
26.328163
27.474286
27.745306
28.43102
28.662857
29.430204
29.691429
30.445714
30.713469
30.997551
31.265306
32.003265
32.284082
32.53551
32.770612
33.492245
33.737143
33.887347
33.995102
34.086531
34.269388
34.484898
34.729796
34.981224
35.242449
35.983673
36.261224
36.522449
36.75102
36.979592
37.257143
37.959184
38.275918
41.426939
41.642449
42.337959
42.595918
43.30449
43.542857
44.248163
44.52898
45.283265
45.505306
45.746939
46.047347
