0.10449
0.402721
1.171882
1.433107
4.059864
4.339229
5.024943
5.289796
7.873016
8.148753
8.863492
9.139229
9.821315
10.078912
10.557823
11.051247
11.856689
12.070748
12.313832
12.54966
12.789116
13.014059
13.264399
13.496599
13.743311
13.968254
14.233107
14.47619
14.715646
14.955102
15.169161
15.423129
15.666213
15.873016
16.1161
16.344671
16.587755
16.80907
17.04127
17.269841
17.498413
17.723356
17.96644
18.205896
18.441723
18.65941
18.895238
19.131066
19.363265
19.577324
19.824036
20.06712
20.295692
20.527891
20.767347
20.985034
21.22449
21.438549
21.681633
21.906576
22.131519
22.403628
22.621315
22.926077
23.629932
23.858503
24.119728
24.355556
25.545578
25.795918
26.053515
26.27483
27.475737
27.736961
28.440816
28.702041
29.427664
29.732426
30.447166
30.835374
32.968707
33.266213
33.991837
34.242177
34.507029
37.463946
37.743311
38.439909
38.722902
39.419501
39.662585
39.902041
40.17415
41.142857
42.115193
43.091156
44.052608
45.046712
46.048073
