0.125714
0.409796
0.692245
0.951837
1.180408
1.443265
1.685079
1.935238
2.15619
2.419048
2.683175
2.933333
3.145397
3.400635
3.626667
3.879365
4.092698
4.328889
4.582857
4.826667
5.020952
5.304127
5.536508
5.784127
6.006349
6.267937
6.499048
6.731429
6.939683
7.174603
7.384127
7.650794
7.912381
8.151111
8.430476
8.657778
8.857143
9.104762
9.35873
9.592381
9.826032
10.073651
10.31873
10.551111
10.634921
10.712381
10.825397
10.904127
11.057778
11.334603
11.566984
11.808254
12.068571
12.31873
12.572698
12.782222
13.059048
13.268571
13.514921
13.726984
13.975873
14.231111
14.466032
14.707302
14.940952
15.161905
15.390476
15.615238
15.864127
16.088889
16.31873
16.539683
16.793651
17.005714
17.245714
17.464127
17.702857
17.941587
18.186667
18.4
18.627302
18.854603
19.114921
19.337143
19.569524
19.808254
20.036825
20.264127
20.502857
20.761905
20.976508
21.192381
21.424762
21.664762
21.897143
22.050794
22.152381
22.248889
22.384762
22.580317
22.848254
23.093333
23.371429
24.126984
24.366984
24.610794
24.850794
25.081905
25.328254
26.017778
26.252698
26.530794
26.745397
26.998095
27.241905
27.738413
27.979683
28.222222
28.733968
28.95619
29.235556
29.729524
29.986032
30.260317
30.746667
31.506032
31.751111
32.019048
32.23746
32.509206
32.741587
35.489524
35.76
35.907302
36.011429
36.128254
36.224762
36.511746
36.671746
36.971429
37.236825
37.492063
37.713016
37.946667
38.213333
38.492698
38.690794
38.924444
39.194921
39.936508
40.151111
40.384762
40.632381
40.893968
41.147937
41.84381
42.126984
42.840635
43.103492
43.796825
44.08
44.492698
44.780952
45.04254
45.766349
46.060952
47.963175
