0.167619
0.415782
1.127619
1.418776
2.171429
2.414694
2.653061
2.912653
3.159184
3.368163
3.609796
3.851429
4.05551
4.313469
5.043265
5.28
6.035918
6.280816
6.494694
6.746122
6.956735
7.237551
7.462857
7.675102
7.885714
8.13551
8.834286
9.093878
9.802449
10.062041
10.542041
11.035102
11.833469
12.05551
12.300408
12.540408
12.783673
13.033469
13.281633
13.515102
13.755102
13.996735
14.222041
14.444082
14.679184
14.920816
15.165714
15.389388
15.639184
15.861224
16.097959
16.313469
16.551837
16.801633
17.031837
17.271837
17.48898
17.71102
17.957551
18.207347
18.43102
18.66449
18.893061
19.115102
19.338776
19.577143
19.817143
20.040816
20.266122
20.483265
20.726531
20.968163
21.188571
21.436735
21.662041
21.898776
22.145306
22.377143
22.622041
22.88
23.105306
23.374694
24.089796
24.342857
24.604082
24.816327
25.057959
25.317551
26.032653
26.279184
26.51102
26.747755
26.999184
27.268571
27.774694
27.964082
28.241633
28.713469
28.974694
29.232653
29.738776
29.959184
30.246531
30.692245
32.009796
32.282449
32.533878
32.772245
33.500408
33.73551
33.875918
33.988571
34.125714
34.233469
34.517551
34.741224
35.485714
35.750204
35.893878
35.99746
36.110476
36.24
36.472381
36.72381
36.970159
37.20254
37.465397
37.686349
37.953016
38.205714
38.460952
38.694603
39.428571
39.67746
39.92254
40.153651
40.419048
40.667937
41.35746
41.644444
42.368254
42.601905
43.306667
43.592381
44.312381
44.513016
45.271111
45.542857
45.781587
46.063492
