0.22
0.44
1.23
1.45
4.13
4.4
5.19
5.44
8.11
8.37
9.12
9.38
10.1
10.35
10.85
11.36
12.13
12.4
12.66
12.9
13.14
13.38
13.62
13.88
14.12
14.36
14.59
14.81
15.06
15.3
15.54
15.79
16.05
16.29
16.53
16.75
16.99
17.23
17.47
17.7
17.95
18.19
18.42
18.65
18.89
19.11
19.35
19.59
19.84
20.09
20.32
20.57
20.81
21.05
21.24
21.52
21.76
21.99
22.22
22.48
22.72
22.95
23.2
23.44
24.21
24.45
24.682812
24.97
26.17
26.41
26.656508
26.93
28.16
28.374785
29.13
29.350023
30.17
30.394921
31.19
31.393379
31.67
31.96
32.716916
33.0
33.227755
33.47
34.24
34.42
34.56
34.72
34.82
34.95
35.16
35.49
35.74
36.02
36.76
37.03
37.263673
37.51
37.77
38.053878
38.8
39.08
42.39
42.64
43.4
43.65
44.39
44.64
45.4
45.69
46.44
46.69
46.95
47.29
