0.15
0.46
1.21
1.48
4.15
4.42
5.15
5.43
8.09
8.36
9.09
9.38
10.11
10.38
10.89
11.37
12.12
12.4
12.64
12.86
13.13
13.36
13.62
13.83
14.1
14.32
14.56
14.83
15.04
15.32
15.56
15.836009
16.04
16.29
16.53
16.77
17.01
17.23
17.44
17.67
17.95
18.16
18.44
18.69
18.92
19.12
19.4
19.64
19.87
20.11
20.34
20.57
20.81
21.06
21.3
21.52
21.76
22.0
22.23
22.48
22.72
22.95
23.19
23.44
24.2
24.45
24.706032
24.98
26.17
26.39
26.633288
26.92
28.12
28.37
29.12
29.396463
30.12
30.46458
31.16
31.463039
33.7
33.95
34.75
34.99
35.22
35.480091
38.29
38.56
39.28
39.55
40.33
40.6
40.84
41.1
42.12
43.11
44.13
45.17
46.19
47.35
