0.16254
0.47
0.73
0.98
1.21
1.5
1.78
1.98
2.21
2.44
2.7
2.93
3.19
3.43
3.66
3.96
4.16
4.4
4.69
4.94
5.16
5.4
5.7
5.9
6.21
6.42
6.7
6.92
7.14
7.38
7.62
7.91
8.15
8.41
8.684263
8.893243
9.12
9.41
9.64
9.845261
10.1
10.32
10.64
10.87
10.997551
11.12
11.22
11.39
11.58
11.91
12.16
12.39
12.65
12.87
13.15
13.39
13.63
13.88
14.12
14.34
14.6
14.86
15.07
15.34
15.58
15.82
16.05
16.3
16.53
16.77
17.04
17.25
17.48
17.73
17.95
18.21
18.44
18.66
18.89
19.14
19.38
19.62
19.86
20.1
20.34
20.58
20.83
21.05
21.29
21.53
21.76
21.99
22.24
22.5
22.63
22.74
22.84
22.98
23.22
23.47
23.68
23.97
24.714739
24.98
25.24
25.5
25.72
25.98
26.673923
26.92
27.225397
27.42
27.63
27.9
28.444444
28.63
28.94
29.44
29.66
29.93
30.418141
30.68
30.96
31.434014
32.24
32.51
32.72
32.93
33.22
33.480272
36.252154
36.51
36.69
36.794921
36.88
37.02
37.31
37.523447
37.77
38.06
38.31
38.54
38.74
39.06
39.34
39.56
39.822222
40.12
40.84
41.11
41.39
41.64
41.853968
42.15
42.869841
43.090431
43.676735
43.94
44.19
44.89
45.21
45.656236
45.89
46.19
46.97
47.27
49.03
