0.17
0.4
1.19
1.43
2.21
2.46
2.73
2.96
3.204354
3.44
3.66
3.93
4.18
4.38
5.17
5.43
6.17
6.414512
6.64
6.907937
7.12
7.357823
7.64
7.86
8.13
8.35
9.1
9.38
10.11
10.31
10.85
11.34
12.14
12.4
12.66
12.88
13.13
13.38
13.62
13.87
14.13
14.35
14.61
14.84
15.07
15.32
15.57
15.8
16.01
16.27
16.51
16.76
17.01
17.25
17.47
17.7
17.93
18.17
18.42
18.67
18.89
19.14
19.36
19.6
19.85
20.09
20.34
20.58
20.8
21.04
21.27
21.51
21.75
21.99
22.25
22.42
22.71
22.94
23.19
23.43
23.68
23.96
24.729252
24.95
25.193651
25.454875
25.68
25.95
26.65941
26.91
27.12381
27.39
27.65
27.93
28.429932
28.64
28.94
29.38
29.65
29.93
30.461678
30.67
30.95
31.44
32.74
33.0
33.262585
33.49
34.22
34.49
34.61
34.71
34.808163
34.97
35.25
35.5
36.26
36.54
36.67
36.78
36.88
37.02
37.296327
37.55
37.78
38.06
38.31
38.55
38.82
39.07
39.3
39.6
40.34
40.55
40.88
41.09
41.38449
41.62
42.4
42.64
43.38
43.65
44.43
44.68
45.42
45.63
46.39
46.7
47.0
47.28
