0.200635
0.402721
1.112381
1.336599
3.802993
4.016327
4.680272
4.90449
7.368707
7.573333
8.245986
8.468027
9.108027
9.347483
9.782857
10.224762
10.947483
11.167347
11.391565
11.578776
11.809524
12.025034
12.240544
12.451701
12.667211
12.895782
13.093878
13.298503
13.522721
13.736054
13.953741
14.173605
14.404354
14.61551
14.822313
15.011701
15.227211
15.431837
15.64517
15.849796
16.078367
16.276463
16.485442
16.694422
16.909932
17.136327
17.340952
17.543401
17.767619
17.957007
18.185578
18.383673
18.614422
18.823401
19.010612
19.232653
19.439456
19.650612
19.859592
20.070748
20.312381
20.512653
20.691156
20.937143
21.651156
21.873197
22.102494
22.360816
23.398458
23.611791
23.823673
24.050068
25.118186
25.340227
26.001995
26.215329
26.843719
27.064308
27.7522
27.971338
28.200635
28.432834
29.068481
29.297778
29.50966
29.731701
30.396372
30.58068
30.692063
30.807619
30.928254
31.075556
31.252063
31.480635
31.724444
31.951746
32.600635
32.827937
33.051429
33.27619
33.485714
33.716825
34.353016
34.56381
37.480635
37.707937
38.372063
38.571429
39.219048
39.43619
40.08254
40.31746
40.998095
41.235556
41.51873
41.861587
