0.187211
0.464399
1.110204
1.358367
3.783401
4.057687
4.706395
4.937143
7.370884
7.605986
8.232925
8.489796
9.138503
9.377959
9.791565
10.248707
10.932245
11.189116
11.402449
11.628844
11.824762
12.05551
12.26449
12.477823
12.686803
12.887075
13.117823
13.331156
13.553197
13.749116
13.97551
14.201905
14.432653
14.641633
14.820136
15.037823
15.225034
15.460136
15.682177
15.891156
16.087075
16.296054
16.526803
16.722721
16.931701
17.149388
17.367075
17.584762
17.793741
17.98966
18.198639
18.416327
18.625306
18.851701
19.051973
19.256599
19.461224
19.674558
19.914014
20.118639
20.314558
20.519184
20.749932
21.002449
21.672925
21.877551
22.143129
22.352109
23.392653
23.592925
23.836735
24.058776
25.129796
25.462857
25.97551
26.246531
26.82449
27.108571
27.725714
27.973878
29.913469
30.155102
30.752653
31.046531
31.337143
31.533061
33.903673
34.171429
34.791837
35.082449
35.689796
35.928163
36.124082
36.355918
37.273469
38.155102
39.007347
39.872653
40.773878
41.828571
