0.18449
0.431837
0.692245
0.925714
1.121633
1.36898
1.595102
1.797551
2.020408
2.244898
2.493878
2.696327
2.905306
3.101224
3.33551
3.573061
3.814694
4.031837
4.262041
4.482449
4.675102
4.910204
5.15102
5.353469
5.585306
5.795102
6.035918
6.266122
6.480816
6.715918
6.954286
7.181224
7.39102
7.620408
7.866939
8.048163
8.261224
8.494694
8.688163
8.92898
9.130612
9.361633
9.560816
9.778776
9.936327
10.035918
10.097143
10.229388
10.458776
10.697143
10.949388
11.167347
11.39102
11.632653
11.817143
12.046531
12.256327
12.461224
12.672653
12.882449
13.098776
13.314286
13.517551
13.74449
13.955102
14.172245
14.390204
14.598367
14.793469
15.019592
15.220408
15.435918
15.658776
15.86449
16.06449
16.276735
16.506122
16.700408
16.922449
17.117551
17.317551
17.543673
17.75102
17.963265
18.17551
18.395102
18.603265
18.812245
19.043265
19.253061
19.456327
19.665306
19.872653
20.094694
20.213878
20.331429
20.406531
20.500408
20.716735
20.946122
21.176327
21.44
22.08898
22.302857
22.541224
22.750204
22.960816
23.202449
23.817959
24.040816
24.277551
24.472653
24.683265
24.924082
25.386939
25.551837
25.795102
26.24
26.442449
26.661224
27.102857
27.318367
27.549388
27.997551
28.634286
28.85551
29.098776
29.309388
29.537143
29.722449
32.173878
32.426122
32.554286
32.680272
32.763719
32.84898
33.03356
33.127891
33.293424
33.513832
33.715646
33.979138
34.157823
34.363719
34.585941
34.848073
35.02585
35.251247
35.510658
36.158277
36.375057
36.573243
36.810884
37.024943
37.258957
37.913469
38.139592
38.551837
38.788571
39.017143
39.678367
39.90449
40.317551
40.559184
40.762449
41.551837
41.844898
43.422857
