0.171973
0.422313
1.094966
1.343129
2.033197
2.242177
2.475102
2.710204
2.901769
3.119456
3.348027
3.576599
3.813878
4.016327
4.680272
4.880544
5.603265
5.831837
6.025578
6.262857
6.463129
6.702585
6.918095
7.133605
7.329524
7.586395
8.259048
8.483265
9.127619
9.332245
9.776327
10.229116
10.975782
11.180408
11.391565
11.609252
11.822585
12.046803
12.279728
12.482177
12.680272
12.87619
13.102585
13.313741
13.537959
13.753469
13.973333
14.14966
14.393469
14.571973
14.807075
15.031293
15.22068
15.43619
15.656054
15.856327
16.056599
16.265578
16.489796
16.720544
16.933878
17.127619
17.35619
17.554286
17.77415
17.980952
18.200816
18.41415
18.601361
18.823401
19.023673
19.237007
19.44381
19.66585
19.905306
20.112109
20.331973
20.530068
20.749932
20.958912
21.204898
21.461769
22.130068
22.321633
22.530612
22.750476
22.959456
23.183673
23.843265
24.039184
24.259048
24.468027
24.672653
24.912109
25.395374
25.584762
25.806803
26.20517
26.41415
26.657959
27.08898
27.284898
27.511293
27.933605
29.072109
29.311565
29.540136
29.769433
30.371701
30.625669
30.740317
30.80127
30.914467
31.043628
31.265669
31.484807
32.181406
32.402721
32.496327
32.621497
32.762993
32.864218
33.044898
33.266939
33.482449
33.709932
33.923265
34.13551
34.367347
34.58068
34.80381
35.016054
35.688707
35.906395
36.126259
36.317823
36.552925
36.794558
37.497687
37.722993
38.358639
38.593741
39.253333
39.481905
40.109932
40.35483
41.020952
41.287619
41.569524
41.89932
