0.191565
0.400544
1.075374
1.262585
3.696327
3.90966
4.580136
4.780408
7.209796
7.466667
8.137143
8.341769
8.96
9.173333
9.643537
10.074558
10.745034
11.001905
11.210884
11.402449
11.62449
11.868299
12.064218
12.255782
12.473469
12.69551
12.874014
13.096054
13.309388
13.505306
13.740408
13.94068
14.171429
14.367347
14.598095
14.802721
14.994286
15.203265
15.412245
15.60381
15.817143
16.03483
16.24381
16.448435
16.657415
16.888163
17.079728
17.301769
17.515102
17.719728
17.937415
18.168163
18.364082
18.555646
18.760272
18.973605
19.204354
19.400272
19.600544
19.822585
20.035918
20.23619
20.44517
20.693333
21.368163
21.594558
21.825306
22.060408
23.092245
23.318639
23.545034
23.775782
24.816327
25.068844
25.695782
25.909116
26.575238
26.801633
27.476463
27.689796
27.929252
28.146939
28.782585
29.000272
29.222313
29.435646
30.106122
30.293333
30.406531
30.541497
30.641633
30.780952
30.981224
31.190204
31.425306
31.621224
32.291701
32.522449
32.757551
32.970884
33.188571
33.406259
34.041905
34.263946
37.08517
37.350748
38.034286
38.247619
38.905034
39.100952
39.780136
39.997823
40.637823
40.868571
41.112381
41.412789
