0.203175
0.436825
1.026032
1.28
3.697778
3.951746
4.581587
4.825397
7.212698
7.456508
8.111746
8.375873
9.005714
9.224127
9.666032
10.07746
10.773333
10.986667
11.184762
11.398095
11.631746
11.845079
12.063492
12.292063
12.500317
12.683175
12.906667
13.114921
13.313016
13.531429
13.76
13.963175
14.166349
14.4
14.598095
14.836825
15.055238
15.238095
15.43619
15.619048
15.862857
16.050794
16.279365
16.467302
16.660317
16.868571
17.112381
17.320635
17.549206
17.747302
17.950476
18.16381
18.387302
18.590476
18.778413
18.996825
19.2
19.403175
19.616508
19.819683
20.043175
20.261587
20.505397
20.708571
21.404444
21.607619
21.83619
22.054603
23.11619
23.334603
23.553016
23.776508
24.827937
25.056508
25.67619
25.899683
26.544762
26.819048
27.474286
27.733333
29.627937
29.886984
30.552381
30.775873
30.994286
31.207619
33.610159
33.864127
34.448254
34.702222
35.387937
35.591111
35.794286
36.048254
36.926984
37.820952
38.679365
39.558095
40.411429
41.432381
