0.13932
0.386032
0.606621
0.835918
1.0478
1.28
1.5122
1.729887
1.935964
2.159456
2.403265
2.574512
2.80381
3.015692
3.239184
3.468481
3.718095
3.93288
4.136054
4.350839
4.565624
4.800726
5.041633
5.2361
5.479909
5.671474
5.912381
6.159093
6.344853
6.588662
6.786032
7.029841
7.241723
7.476825
7.682902
7.894785
8.103764
8.338866
8.576871
8.79746
8.974512
9.186395
9.424399
9.630476
9.775601
9.862676
9.964263
10.091973
10.329977
10.538957
10.750839
10.974331
11.212336
11.45034
11.653515
11.862494
12.065669
12.268844
12.480726
12.715828
12.9161
13.110567
13.316644
13.528526
13.743311
13.97551
14.201905
14.378957
14.582132
14.762086
14.994286
15.214875
15.426757
15.641542
15.850522
16.062404
16.262676
16.48907
16.706757
16.904127
17.121814
17.348209
17.536871
17.740045
17.951927
18.166712
18.364082
18.593379
18.776236
19.008435
19.205805
19.423492
19.626667
19.829841
19.940136
20.064943
20.157823
20.25941
20.471293
20.703492
20.921179
21.188209
21.832562
22.047347
22.256327
22.479819
22.685896
22.926803
23.530522
23.727891
23.971701
24.154558
24.360635
24.592834
25.042721
25.283628
25.478095
25.939592
26.136961
26.360454
26.830658
27.045442
27.251519
27.683991
28.374785
28.592472
28.801451
29.004626
29.245533
29.477732
31.875193
32.10449
32.2322
32.348299
32.438277
32.525351
32.783673
32.952018
33.190023
33.390295
33.637007
33.837279
34.040454
34.269751
34.522268
34.708027
34.931519
35.172426
35.831293
36.034467
36.266667
36.490159
36.702041
36.948753
37.581497
37.816599
38.243265
38.452245
38.684444
39.314286
39.5639
39.947029
40.199546
40.414331
41.20381
41.467937
43.043991
