0.170522
0.395465
1.055782
1.302494
1.959184
2.198639
2.398186
2.623129
2.822676
3.00771
3.236281
3.453968
3.686168
3.907483
4.560544
4.796372
5.467574
5.699773
5.906576
6.146032
6.349206
6.59229
6.806349
7.027664
7.234467
7.466667
8.105215
8.333787
8.954195
9.186395
9.610884
10.075283
10.800907
11.018594
11.218141
11.417687
11.617234
11.845805
12.06712
12.270295
12.480726
12.687528
12.890703
13.097506
13.307937
13.536508
13.750567
13.931973
14.178685
14.392744
14.606803
14.813605
15.009524
15.219955
15.426757
15.640816
15.843991
16.043537
16.272109
16.468027
16.692971
16.910658
17.095692
17.324263
17.538322
17.745125
17.96644
18.191383
18.365533
18.586848
18.797279
18.993197
19.196372
19.424943
19.635374
19.845805
20.052608
20.270295
20.49161
20.691156
20.9161
21.195465
21.888435
22.062585
22.26576
22.468934
22.657596
22.889796
23.560998
23.731519
23.967347
24.163265
24.377324
24.595011
25.073923
25.277098
25.491156
25.897506
26.093424
26.358277
26.808163
27.014966
27.236281
27.693424
28.792744
29.003175
29.268027
29.460317
30.102494
30.334694
30.454422
30.570522
30.653968
30.737415
30.969615
31.201814
31.873016
32.090703
32.205714
32.333061
32.411429
32.504308
32.754649
32.954195
33.168254
33.378685
33.590204
33.831837
34.02449
34.256327
34.475102
34.697143
35.379592
35.601633
35.800816
36.052245
36.267755
36.486531
37.133061
37.368163
38.02449
38.246531
38.912653
39.157551
39.774694
39.990204
40.659592
40.884898
41.142857
41.44
