0.17415
0.505034
1.544127
1.834376
5.195465
5.479909
6.310023
6.582857
9.351837
9.595646
10.34449
10.565079
11.255873
11.470658
11.935057
12.370431
13.084444
13.334059
13.560454
13.792653
14.001633
14.216417
14.442812
14.669206
14.866576
15.121995
15.319365
15.528345
15.743129
15.952109
16.161088
16.358458
16.567438
16.770612
16.979592
17.147937
17.362721
17.577506
17.78068
17.983855
18.16381
18.366984
18.587574
18.790748
18.976508
19.150658
19.353832
19.551202
19.765986
19.934331
20.143311
20.35229
20.520635
20.694785
20.874739
21.060499
21.246259
21.414603
21.617778
21.791927
21.983492
22.163447
22.360816
22.534966
23.09805
23.29542
23.440544
23.690159
24.601542
24.804717
25.019501
25.187846
26.139864
26.308209
26.859683
27.057052
27.649161
27.881361
28.502494
28.694059
28.891429
29.100408
29.727347
29.953741
30.174331
30.389116
31.027664
31.265669
31.387574
31.503673
31.613968
31.718458
31.927438
32.124807
32.333787
32.589206
33.28
33.518005
33.773424
33.947574
34.208798
34.481633
35.149206
35.404626
39.201088
39.543583
40.460771
40.803265
41.819138
42.237098
43.258776
43.699955
44.866757
45.342766
45.95229
46.898503
