0.200272
0.513741
1.497687
1.819864
5.198367
5.494422
6.29551
6.591565
9.343129
9.613061
10.318367
10.570884
11.250068
11.48517
11.920544
12.382041
13.104762
13.339864
13.574966
13.792653
14.019048
14.21932
14.437007
14.672109
14.863673
15.090068
15.316463
15.516735
15.743129
15.960816
16.178503
16.387483
16.587755
16.805442
16.979592
17.205986
17.414966
17.603628
17.799546
17.973696
18.205896
18.387302
18.561451
18.771882
18.996825
19.170975
19.359637
19.562812
19.780499
19.947392
20.165079
20.353741
20.535147
20.731066
20.912472
21.10839
21.28254
21.449433
21.630839
21.797732
22.000907
22.211338
22.378231
22.617687
23.082086
23.292517
23.466667
23.662585
24.591383
24.823583
25.034014
25.21542
26.115193
26.311111
26.840816
27.116553
27.631746
27.892971
28.422676
28.618594
30.606803
30.82449
31.44127
31.724263
31.978231
32.181406
34.670295
34.924263
35.686168
35.903855
36.752834
37.028571
37.311565
37.616327
38.849887
40.141497
41.418594
42.89161
44.422676
46.860771
