0.204626
0.518095
0.888163
1.240816
1.532517
1.841633
2.194286
2.499048
2.80381
3.125986
3.448163
3.752925
4.075102
4.379864
4.658503
4.932789
5.215782
5.477007
5.786122
6.051701
6.304218
6.582857
6.844082
7.131429
7.418776
7.68
7.92381
8.193741
8.385306
8.659592
8.899048
9.116735
9.373605
9.626122
9.913469
10.126803
10.34449
10.592653
10.836463
11.028027
11.258776
11.463401
11.685442
11.898776
12.042449
12.16
12.268844
12.386395
12.608435
12.839184
13.082993
13.309388
13.540136
13.770884
14.023401
14.223673
14.463129
14.680816
14.898503
15.124898
15.316463
15.525442
15.725714
15.943401
16.143673
16.361361
16.57034
16.770612
16.970884
17.179864
17.375782
17.606531
17.798095
17.980952
18.16381
18.390204
18.599184
18.795102
18.964898
19.182585
19.391565
19.583129
19.77034
19.940136
20.122993
20.318912
20.519184
20.719456
20.893605
21.093878
21.268027
21.485714
21.642449
21.82966
21.916735
22.029932
22.103946
22.186667
22.36517
22.552381
22.713469
22.931156
23.510204
23.684354
23.871565
24.045714
24.228571
24.428844
24.955646
25.147211
25.325714
25.560816
25.73932
25.952653
26.322721
26.531701
26.701497
27.084626
27.241361
27.472109
27.898776
28.068571
28.260136
28.721633
29.339864
29.553197
29.792653
29.988571
30.214966
30.423946
32.844626
33.053605
33.188571
33.31483
33.423673
33.549932
33.811156
33.985306
34.207347
34.45551
34.729796
34.947483
35.191293
35.417687
35.678912
35.927075
36.201361
36.497415
37.333333
37.607619
37.916735
38.19102
38.517551
38.861497
39.828027
40.132789
40.807619
41.125442
41.473741
42.570884
42.923537
43.607075
43.981497
44.416871
45.971156
46.833197
48.783673
