0.156735
0.513741
1.506395
1.854694
2.795102
3.128889
3.424943
3.7239
4.017052
4.321814
4.620771
4.92263
5.18966
5.459592
6.275193
6.542222
7.395556
7.63356
7.88898
8.150204
8.417234
8.634921
8.881633
9.116735
9.369252
9.598549
10.315465
10.544762
11.226848
11.46195
11.935057
12.384943
13.107664
13.336961
13.583673
13.804263
14.019048
14.24254
14.471837
14.672109
14.895601
15.092971
15.31356
15.52254
15.754739
15.952109
16.169796
16.349751
16.57034
16.759002
16.973787
17.188571
17.383039
17.592018
17.824218
18.007075
18.184127
18.381497
18.584671
18.776236
18.982313
19.168073
19.359637
19.559909
19.757279
19.951746
20.154921
20.346485
20.511927
20.697687
20.886349
21.080816
21.257868
21.429116
21.626485
21.803537
22.00381
22.175057
22.349206
22.540771
22.726531
22.938413
23.472472
23.661134
23.867211
24.026848
24.21551
24.42449
25.004989
25.176236
25.376508
25.53034
25.724807
25.922177
26.284989
26.496871
26.68263
27.071565
27.251519
27.477914
27.90458
28.087438
28.308027
28.723084
29.767982
29.971156
30.232381
30.415238
31.065397
31.277279
31.396281
31.526893
31.622676
31.706848
31.97678
32.182857
32.809796
33.044898
33.192925
33.320635
33.41932
33.529615
33.782132
33.999819
34.237823
34.46712
34.72254
34.966349
35.204354
35.433651
35.706485
35.94449
36.771701
37.02712
37.302857
37.607619
37.906576
38.208435
39.192381
39.511655
40.431746
40.782948
41.793016
42.18195
43.232653
43.595465
44.852245
45.395011
46.004535
47.084263
