0.19
0.45
1.32
1.56
4.37
4.63
5.39
5.66
8.3
8.54
9.29
9.5
10.22
10.44
10.91
11.38
12.13
12.31
12.57
12.79
13.0
13.23
13.48
13.68
13.9
14.13
14.31
14.52
14.73
14.94
15.14
15.33
15.55
15.71
15.94
16.12
16.31
16.51
16.69
16.88
17.07
17.25
17.43
17.63
17.8
18.0
18.13
18.34
18.53
18.7
18.88
19.07
19.27
19.44
19.6
19.74
19.899501
20.14
20.3
20.47
20.62
20.83
20.97
21.19
21.76
21.95
22.117007
22.35
23.22
23.41
23.640816
23.85
24.7
24.9
25.5
25.672562
26.31
26.57
27.15
27.326984
27.57
27.762358
28.45
28.67
28.865306
29.09
29.75
29.94
30.097415
30.180136
30.249796
30.35
30.62
30.84
31.07
31.33
32.0
32.24
32.435374
32.67
32.91
33.158095
33.84
34.07
37.5
37.76
38.63
38.86
39.79
40.07
40.94
41.24
42.24
42.56
42.93
43.48
