0.17
0.5
1.32
1.58
4.39
4.66
5.43
5.69
8.3
8.55
9.27
9.53
10.22
10.46
10.92
11.4
12.11
12.34
12.56
12.81
12.99
13.24
13.48
13.7
13.92
14.09
14.35
14.55
14.71
14.95
15.16
15.37
15.56
15.75
15.93
16.14
16.28
16.51
16.71
16.85
17.06
17.23
17.45
17.64
17.8
17.98
18.18
18.38
18.54
18.72
18.91
19.08
19.24
19.44
19.61
19.79
19.98
20.12
20.31
20.49
20.68
20.86
21.05
21.22
21.83
21.96
22.17
22.32
23.28
23.45
23.64
23.77
24.73
24.97
25.47
25.65805
26.32
26.517188
27.16
27.399546
29.27
29.53
30.19
30.38
30.58068
30.84
33.37
33.6
34.28
34.574512
35.34
35.62
35.87
36.09
37.24
39.49
40.64
41.98
43.398095
