0.24
0.52
0.812698
1.05
1.33
1.6
1.83
2.14
2.345215
2.64
2.94
3.15
3.41
3.65
3.88
4.11
4.42
4.66
4.91
5.16
5.4
5.59
5.95
6.18
6.41
6.65
6.91
7.13
7.34
7.6
7.778685
8.07
8.32
8.58
8.788753
9.009342
9.25
9.52
9.75
9.98458
10.2
10.45
10.68
10.9
11.023673
11.181859
11.26
11.38
11.62
11.83
12.1
12.33
12.57
12.76
12.99737
13.21
13.48
13.68
13.9
14.12
14.35
14.55
14.73
14.94
15.13
15.35
15.53
15.77
15.93
16.09
16.33
16.52
16.69
16.89
17.05
17.27
17.45
17.64
17.78
17.97
18.169615
18.34
18.51
18.72
18.89
19.07
19.21
19.44
19.57
19.8
19.97
20.15
20.32
20.502494
20.58
20.673016
20.760091
20.85
21.04
21.23
21.38
21.59
22.15
22.34
22.52
22.69
22.85
23.05
23.621224
23.81
23.952834
24.13
24.29
24.5
24.940408
25.1
25.26
25.7
25.87
26.1
26.422857
26.72
26.95
27.402449
27.99
28.21
28.4
28.66
28.88
29.08
31.59
31.76
31.9
32.010884
32.1
32.22
32.48
32.670476
32.88
33.1
33.36
33.6
33.84
34.06
34.34
34.56
34.82
35.11
35.85
36.12
36.382766
36.65
36.92
37.21
38.062585
38.309297
38.95873
39.2
39.5
40.36
40.66
41.273469
41.57
41.87
42.96
43.45
44.89
