0.18
0.46
1.3
1.55
2.37
2.64
2.858957
3.16
3.410431
3.67
3.9
4.16
4.41
4.65
5.39
5.64
6.4
6.603175
6.86
7.125624
7.37
7.57551
7.84
8.06
8.27
8.55
9.24
9.49
10.21
10.43
10.9
11.38
12.11
12.33
12.57
12.8
13.01
13.23
13.47
13.69
13.89
14.1
14.28
14.51
14.74
14.93
15.14
15.33
15.53
15.73
15.94
16.11
16.3
16.5
16.69
16.87
17.04
17.24
17.4
17.63
17.81
17.99
18.15
18.34
18.53
18.72
18.9
19.08
19.26
19.45
19.62
19.79
19.92
20.14
20.31
20.48
20.68
20.85
21.06
21.23
21.4
21.57
22.087982
22.32
22.500136
22.69
22.87
23.06
23.603084
23.77
24.01
24.17
24.34
24.54
24.91
25.1
25.34
25.71
25.93
26.11
26.540408
26.74
26.88
27.33
28.409615
28.63
28.839184
29.07
29.71
29.92
30.05
30.16
30.26
30.37
30.65
30.85
31.58
31.79
31.905669
32.036281
32.108844
32.24
32.478912
32.68
32.93
33.15
33.385941
33.57
33.85
34.08
34.35
34.568707
35.35
35.6
35.81
36.08
36.266667
36.65
37.49
37.78
38.58
38.82
39.77
40.06
40.93
41.16
42.19
42.53
42.93
43.43
