0.32
1.513651
2.377143
2.615873
4.307302
4.571429
4.835556
5.089524
5.333333
5.638095
5.912381
6.166349
6.440635
6.679365
6.999365
8.055873
8.863492
9.076825
10.64127
10.890159
11.108571
11.418413
11.652063
11.911111
12.165079
12.419048
12.683175
12.937143
13.191111
14.232381
14.948571
15.192381
15.710476
16.751746
17.721905
18.209524
18.575238
19.078095
19.606349
20.540952
21.490794
21.927619
22.359365
22.80127
23.19746
23.685079
24.614603
25.259683
25.635556
25.772698
26.651429
26.753016
26.890159
27.022222
27.133968
27.260952
27.387937
27.525079
27.657143
27.799365
27.936508
28.490159
28.906667
29.04381
29.861587
29.988571
30.125714
30.227302
30.354286
30.496508
30.598095
30.730159
30.857143
30.968889
31.131429
31.644444
32.152381
32.452063
32.980317
33.254603
33.508571
33.742222
33.980952
34.194286
34.463492
34.727619
34.966349
35.428571
35.702857
35.895873
36.129524
36.332698
36.586667
37.551746
37.907302
38.00381
38.511746
38.857143
38.994286
39.212698
39.497143
40.513016
40.934603
41.259683
41.498413
41.782857
42.07746
42.351746
42.697143
42.986667
43.565714
44.210794
44.8
44.972698
45.130159
45.257143
45.399365
45.541587
45.699048
45.84127
46.024127
46.64381
47.095873
47.273651
47.588571
47.751111
47.908571
48.050794
48.198095
48.32
48.533333
49.158095
49.615238
49.787937
50.08254
50.24
50.407619
50.544762
50.697143
50.849524
50.986667
51.352381
52.022857
52.632381
53.221587
54.039365
54.410159
54.765714
55.100952
