0.274286
1.39102
2.403265
2.644898
5.32898
5.590204
5.87102
6.138776
6.386939
6.661224
6.961633
8.026122
8.84898
9.110204
11.63102
11.911837
12.146939
12.401633
12.675918
12.917551
13.23102
14.18449
15.000816
15.24898
15.732245
16.685714
17.678367
18.181224
18.592653
19.010612
19.572245
20.453878
21.361633
21.844898
22.164898
22.61551
23.25551
23.666939
24.626939
25.338776
25.769796
26.631837
26.893061
27.167347
27.402449
27.644082
27.885714
28.486531
29.028571
29.825306
30.106122
30.360816
30.622041
30.876735
31.111837
31.673469
32.163265
32.946939
33.475918
33.756735
34.017959
34.246531
34.488163
34.736327
34.964898
35.389388
35.637551
35.859592
36.088163
36.342857
36.564898
37.531429
37.884082
38.034286
38.530612
38.778776
38.987755
39.216327
39.490612
40.587755
40.894694
41.234286
41.528163
41.822041
42.083265
42.488163
42.742857
43.017143
43.585306
44.120816
44.989388
45.12
45.263673
45.374694
45.524898
45.668571
45.818776
46.014694
46.60898
47.092245
47.222857
47.758367
47.941224
48.097959
48.235102
48.385306
48.522449
49.136327
49.613061
49.756735
50.279184
50.435918
50.579592
50.742857
50.853878
51.004082
51.350204
51.983673
52.649796
53.23102
54.093061
54.367347
54.733061
55.137959
