0.406349
1.433832
2.33941
2.52517
3.761633
4.057687
4.284082
4.562721
4.823946
5.12
5.36381
5.625034
5.880454
6.147483
6.431927
6.722177
7.024036
8.016689
8.788753
9.044172
10.118095
10.37932
10.628934
10.895964
11.145578
11.395193
11.627392
11.882812
12.149841
12.399456
12.67229
12.956735
13.276009
14.199002
14.982676
15.17424
15.685079
16.671927
17.69941
18.169615
18.645624
19.104218
19.545397
20.46839
21.362358
21.826757
22.755556
23.690159
24.560907
25.164626
25.66966
25.78576
26.366259
26.511383
26.633288
26.755193
26.906122
27.045442
27.178957
27.295057
27.434376
27.556281
27.672381
27.788481
27.956825
28.490884
28.903039
29.077188
29.576417
29.727347
29.872472
30.000181
30.133696
30.232381
30.348481
30.47619
30.6039
30.737415
30.82449
30.97542
31.126349
31.631383
32.008707
32.119002
32.449887
32.920091
33.436735
33.686349
33.941769
34.156553
34.400363
34.858957
35.433651
35.67746
36.08381
36.548209
37.059048
37.506032
37.912381
38.005261
38.510295
38.870204
38.997914
39.288163
39.549388
40.158912
40.344671
40.460771
40.600091
40.919365
41.1922
41.476644
41.824943
42.068753
42.359002
42.695692
42.951111
43.560635
44.129524
44.454603
44.646168
44.785488
44.942222
45.093152
45.261497
45.377596
45.522721
45.667846
45.789751
45.98712
46.625669
47.049433
47.211973
47.583492
47.757642
47.902766
48.047891
48.222041
48.343946
48.54712
49.156644
49.592018
49.777778
50.027392
50.253787
50.398912
50.532426
50.683356
50.822676
51.00263
51.36254
51.966259
52.575782
53.185306
54.050249
54.392744
54.729433
55.042902
