0.145125
0.481814
1.567347
1.898231
5.172245
5.433469
6.182313
6.420317
9.026757
9.258957
9.955556
10.187755
10.866939
11.087528
11.517098
11.958277
12.643265
12.88127
13.113469
13.310839
13.531429
13.740408
13.966803
14.152562
14.367347
14.582132
14.808526
14.988481
15.203265
15.40644
15.632834
15.801179
16.021769
16.230748
16.422313
16.608073
16.782222
16.962177
17.176961
17.362721
17.542676
17.740045
17.925805
18.134785
18.303129
18.477279
18.668844
18.837188
19.028753
19.197098
19.388662
19.562812
19.748571
19.928526
20.102676
20.276825
20.46839
20.64254
20.805079
20.967619
21.141769
21.327528
21.495873
21.646803
22.215692
22.418866
22.587211
22.772971
23.655329
23.881723
24.032653
24.206803
25.147211
25.34458
25.85542
26.052789
26.621678
26.824853
27.382132
27.591111
27.811701
28.00907
28.543129
28.763719
28.966893
29.117823
29.767982
29.947937
30.122086
30.226576
30.336871
30.435556
30.690975
30.85932
31.085714
31.329524
32.026122
32.223492
32.490522
32.653061
32.931701
33.14068
33.843084
34.092698
37.436372
37.691791
38.50449
38.777324
39.584218
39.862857
40.669751
40.92517
41.894603
42.260317
42.643447
43.067211
