0.130612
0.464399
1.581859
1.944671
5.12
5.355102
6.138776
6.426122
8.999184
9.221224
9.939592
10.161633
10.819048
11.073016
11.499683
11.977143
12.657778
12.901587
13.104762
13.307937
13.541587
13.744762
13.937778
14.120635
14.344127
14.567619
14.831746
15.004444
15.19746
15.400635
15.613968
15.817143
16.020317
16.193016
16.406349
16.568889
16.751746
16.985397
17.188571
17.351111
17.564444
17.726984
17.889524
18.092698
18.306032
18.488889
18.671746
18.854603
19.017143
19.220317
19.382857
19.565714
19.728254
19.92127
20.093968
20.276825
20.469841
20.632381
20.794921
20.95746
21.150476
21.313016
21.526349
21.67873
22.247619
22.430476
22.633651
22.786032
23.690159
23.873016
24.07619
24.248889
25.071746
25.325714
25.874286
26.097778
26.585397
26.829206
27.377778
27.641905
29.287619
29.541587
30.16127
30.374603
30.587937
30.811429
33.330794
33.594921
34.265397
34.549841
35.301587
35.545397
35.819683
36.063492
37.130159
38.217143
39.354921
40.411429
41.569524
43.022222
