0.142222
0.55873
0.863492
1.219048
1.554286
1.83873
2.275556
2.631111
2.925714
3.260952
3.626667
3.890794
4.144762
4.39873
4.72381
4.967619
5.180952
5.434921
5.699048
5.963175
6.15619
6.4
6.674286
6.887619
7.131429
7.385397
7.639365
7.903492
8.096508
8.299683
8.573968
8.79746
9.04127
9.274921
9.528889
9.752381
9.945397
10.15873
10.433016
10.656508
10.859683
11.103492
11.296508
11.509841
11.631746
11.733333
11.814603
11.946667
12.210794
12.424127
12.647619
12.88127
13.094603
13.307937
13.541587
13.754921
13.968254
14.16127
14.394921
14.587937
14.780952
14.994286
15.19746
15.410794
15.60381
15.817143
16.0
16.182857
16.365714
16.609524
16.772063
17.005714
17.178413
17.36127
17.544127
17.737143
17.92
18.113016
18.255238
18.458413
18.661587
18.864762
19.006984
19.230476
19.393016
19.575873
19.748571
19.931429
20.093968
20.276825
20.419048
20.612063
20.784762
20.977778
21.089524
21.167891
21.246259
21.323175
21.485714
21.688889
21.84127
22.054603
22.595918
22.775873
22.948571
23.141587
23.324444
23.507302
24.041361
24.21551
24.415782
24.581224
24.746667
24.955646
25.382313
25.556463
25.713197
26.061497
26.235646
26.427211
26.975782
27.210884
27.628844
28.151293
28.36898
28.560544
28.760816
29.004626
29.170068
31.564626
31.773605
31.878095
31.991293
32.113197
32.24381
32.435374
32.679184
32.870748
33.14068
33.41932
33.628299
33.837279
34.081088
34.35102
34.568707
34.76898
35.065034
35.84
36.109932
36.371156
36.597551
36.893605
37.207075
37.973333
38.251973
38.817959
39.053061
39.331701
40.132789
40.428844
40.977415
41.256054
41.595646
42.657959
43.032381
44.782585
