0.182857
0.522449
1.541224
1.92
2.902494
3.272562
3.570068
3.831293
4.099773
4.419048
4.658503
4.890703
5.16644
5.420408
6.175057
6.407256
7.169161
7.408617
7.619048
7.902041
8.119728
8.315646
8.569615
8.780045
9.019501
9.251701
9.991837
10.209524
10.848073
11.087528
11.537415
11.958277
12.6839
12.894331
13.133787
13.329705
13.547392
13.743311
13.968254
14.171429
14.389116
14.577778
14.802721
14.991383
15.194558
15.412245
15.608163
15.804082
16.014512
16.195918
16.420862
16.595011
16.79093
16.972336
17.168254
17.364172
17.545578
17.756009
17.922902
18.133333
18.314739
18.510658
18.655782
18.851701
19.040363
19.214512
19.410431
19.591837
19.773243
19.947392
20.121542
20.302948
20.440816
20.636735
20.810884
20.985034
21.144671
21.326077
21.521995
21.66712
21.834014
22.037188
22.566893
22.78458
22.980499
23.13288
23.292517
23.488435
24.061678
24.235828
24.42449
24.584127
24.794558
24.968707
25.346032
25.520181
25.7161
26.020862
26.245805
26.478005
26.869841
27.00771
27.210884
27.559184
28.509751
28.770975
28.995918
29.18458
29.772336
30.019048
30.120635
30.236735
30.338322
30.439909
30.643084
30.88254
31.55737
31.746032
31.869388
31.978231
32.087075
32.195918
32.486168
32.696599
32.899773
33.160998
33.34966
33.574603
33.843084
34.097052
34.314739
34.568707
35.3161
35.562812
35.831293
36.056236
36.266667
36.600454
37.463946
37.703401
38.523356
38.799093
39.568254
39.894785
40.700227
40.968707
41.897506
42.209524
42.572336
43.051247
