0.19737
0.441179
1.219048
1.404807
4.051882
4.295692
5.03873
5.29415
7.883175
8.150204
8.916463
9.148662
9.856871
10.08907
10.553469
11.017868
11.830567
12.027937
12.283356
12.527166
12.747755
13.003175
13.212154
13.444354
13.722993
13.943583
14.164172
14.419592
14.628571
14.849161
15.069751
15.33678
15.55737
15.801179
16.021769
16.277188
16.474558
16.718367
16.950567
17.171156
17.403356
17.658776
17.832925
18.088345
18.308934
18.564354
18.808163
19.028753
19.249342
19.504762
19.725351
19.922721
20.154921
20.38712
20.64254
20.874739
21.118549
21.304308
21.559728
21.791927
22.024127
22.267937
22.511746
22.720726
23.475374
23.742404
23.974603
24.195193
25.41424
25.64644
25.913469
26.168889
27.318277
27.585306
28.316735
28.572154
29.257143
29.524172
30.290431
30.49941
30.75483
31.045079
31.788118
32.031927
32.287347
32.589206
33.262585
33.552834
33.657324
33.773424
33.866304
33.970794
34.249433
34.481633
34.748662
34.980862
35.74712
36.00254
36.292789
36.478549
36.733968
37.000998
37.674376
37.987846
41.09932
41.331519
42.086168
42.318367
43.049796
43.316825
44.013424
44.234014
45.011882
45.278912
45.511111
45.82458
