0.213333
0.457143
1.208889
1.473016
4.073651
4.307302
5.03873
5.302857
7.862857
8.126984
8.888889
9.173333
9.864127
10.107937
10.565079
11.022222
11.804444
12.038095
12.292063
12.525714
12.779683
12.972698
13.216508
13.429841
13.693968
13.907302
14.181587
14.384762
14.63873
14.862222
15.11619
15.36
15.613968
15.827302
16.071111
16.304762
16.55873
16.751746
16.995556
17.19873
17.401905
17.625397
17.859048
18.123175
18.326349
18.570159
18.80381
19.067937
19.271111
19.504762
19.707937
19.961905
20.195556
20.39873
20.64254
20.87619
21.109841
21.333333
21.577143
21.800635
22.064762
22.298413
22.532063
22.79619
23.476825
23.700317
23.994921
24.248889
25.406984
25.650794
25.894603
26.118095
27.367619
27.672381
28.261587
28.566349
29.318095
29.572063
30.303492
30.547302
32.711111
33.03619
33.75746
34.00127
34.255238
34.468571
37.191111
37.455238
38.135873
38.450794
39.151746
39.405714
39.649524
39.903492
40.838095
41.813333
42.808889
43.794286
44.779683
45.846349
