0.181406
0.449887
0.73288
0.986848
1.190023
1.436735
1.67619
1.930159
2.169615
2.40907
2.677551
2.938776
3.170975
3.424943
3.649887
3.889342
4.143311
4.37551
4.60771
4.832653
5.043084
5.268027
5.543764
5.797732
6.029932
6.276644
6.530612
6.762812
6.987755
7.212698
7.423129
7.698866
7.945578
8.170522
8.460771
8.671202
8.92517
9.164626
9.411338
9.621769
9.817687
10.071655
10.318367
10.550567
10.673923
10.782766
10.913379
11.051247
11.290703
11.544671
11.798639
12.038095
12.277551
12.531519
12.734694
13.010431
13.249887
13.503855
13.721542
13.953741
14.164172
14.439909
14.65034
14.88254
15.100227
15.339683
15.579138
15.811338
16.029025
16.290249
16.529705
16.761905
16.979592
17.197279
17.422222
17.654422
17.872109
18.104308
18.343764
18.58322
18.793651
19.047619
19.250794
19.482993
19.715193
19.969161
20.194104
20.419048
20.651247
20.87619
21.130159
21.347846
21.587302
21.812245
21.928345
22.051701
22.153288
22.291156
22.494331
22.748299
22.987755
23.24898
23.967347
24.206803
24.468027
24.714739
24.932426
25.21542
25.926531
26.144218
26.44898
26.65941
26.848073
27.116553
27.660771
27.914739
28.139683
28.582313
28.829025
29.126531
29.59093
29.830385
30.098866
30.570522
31.310658
31.564626
31.82585
32.05805
32.341043
32.595011
35.236281
35.512018
35.649887
35.780499
35.889342
36.005442
36.273923
36.455329
36.72381
37.021315
37.231746
37.449433
37.674376
37.950113
38.196825
38.4
38.668481
38.929705
39.655329
39.902041
40.112472
40.36644
40.627664
40.888889
41.621769
41.810431
42.33288
42.543311
42.819048
43.544671
43.798639
44.306576
44.546032
44.756463
45.554649
45.823129
47.194558
