0.169796
0.447347
1.195102
1.433469
2.211701
2.429388
2.66449
2.921361
3.160816
3.391565
3.622313
3.887891
4.109932
4.353741
5.054694
5.311565
6.034286
6.286803
6.501587
6.768617
7.018231
7.215601
7.441995
7.697415
7.929615
8.150204
8.875828
9.125442
9.856871
10.106485
10.536054
11.029478
11.766712
12.016327
12.283356
12.527166
12.759365
13.00898
13.241179
13.479184
13.717188
13.937778
14.152562
14.396372
14.616961
14.878186
15.098776
15.319365
15.574785
15.801179
16.050794
16.265578
16.497778
16.724172
16.944762
17.188571
17.420771
17.641361
17.879365
18.123175
18.355374
18.575964
18.784943
19.034558
19.260952
19.504762
19.742766
19.963356
20.183946
20.404535
20.65415
20.886349
21.118549
21.344943
21.582948
21.815147
22.058957
22.296961
22.529161
22.761361
22.98195
23.243175
23.986213
24.218413
24.462222
24.706032
24.944036
25.187846
25.878639
26.145669
26.406893
26.633288
26.865488
27.149932
27.585306
27.852336
28.11356
28.636009
28.856599
29.094603
29.622857
29.843447
30.093061
30.59229
31.799728
32.066757
32.316372
32.565986
33.24517
33.483175
33.622494
33.732789
33.866304
33.970794
34.266848
34.493243
35.236281
35.503311
35.64263
35.77034
35.880635
35.99093
36.269569
36.455329
36.710748
36.931338
37.198367
37.430567
37.715011
37.953016
38.17941
38.42322
39.166259
39.398458
39.590023
39.886077
40.135692
40.344671
41.09932
41.354739
42.057143
42.324172
43.003356
43.316825
44.030839
44.338503
45.000272
45.267302
45.534331
45.812971
