0.148571
0.388571
1.098413
1.344762
3.881905
4.114286
4.831746
5.019683
7.577143
7.810794
8.492698
8.722540
9.408254
9.644444
10.107937
10.549841
11.278730
11.506032
11.729524
11.969524
12.175238
12.402540
12.627302
12.821587
13.048889
13.269841
13.499683
13.697778
13.950476
14.152381
14.377143
14.601905
14.825397
15.052698
15.255873
15.476825
15.667302
15.906032
16.125714
16.325079
16.575238
16.791111
17.001905
17.215238
17.655873
17.852698
18.082540
18.308571
18.499048
18.694603
18.883810
19.212698
19.414603
19.615238
19.787937
20.044444
20.245079
20.474921
20.712381
20.932063
21.151746
21.382857
21.598730
21.803175
22.318730
22.529524
22.735238
22.995556
24.073651
24.294603
24.528254
24.797460
25.883175
26.083810
26.775873
27.026032
27.715556
27.965714
28.651429
28.893968
29.109841
29.360000
30.021587
30.292063
30.507937
30.720000
31.398095
31.650794
31.753651
31.867937
31.955556
32.095238
32.309841
32.510476
32.755556
32.993016
33.693968
33.925079
34.161270
34.345397
34.581587
34.836825
35.512381
35.749841
38.721270
38.939683
39.633016
39.848889
40.553651
40.779683
41.453968
41.695238
42.446984
42.688254
42.961270
43.311746
