0.108844
0.348299
1.101497
1.354014
3.859592
4.109932
4.754286
5.026395
7.547211
7.817143
8.524626
8.714014
9.375782
9.654422
10.091973
10.568707
11.260952
11.448163
11.715918
11.931429
12.116463
12.364626
12.623673
12.810884
13.063401
13.254966
13.498776
13.648980
13.923265
14.147483
14.373878
14.545850
14.794014
15.068299
15.279456
15.490612
15.697415
15.917279
16.126259
16.361361
16.561633
16.772789
17.005714
17.219048
17.432381
17.652245
17.869932
18.078912
18.285714
18.520816
18.747211
18.960544
19.184762
19.369796
19.617959
19.831293
20.057687
20.253605
20.403810
20.697687
20.919728
21.167891
21.402993
21.627211
22.275918
22.521905
22.706939
22.974694
24.058776
24.269932
24.509388
24.753197
25.856871
26.248707
26.768980
27.062857
27.698503
28.009796
28.628027
28.897959
30.911565
31.174966
31.880272
32.104490
32.243810
32.472381
35.051973
35.302313
35.955374
36.160000
36.902313
37.120000
37.363810
37.588027
38.467483
39.394830
40.302585
41.203810
42.148571
43.300136
