0.176327
0.422313
0.611701
0.888163
1.099320
1.321361
1.604354
1.824218
2.031020
2.287891
2.544762
2.751565
2.969252
3.217415
3.432925
3.676735
3.881361
4.109932
4.355918
4.577959
4.793469
5.017687
5.339864
5.533605
5.744762
5.995102
6.212789
6.471837
6.663401
6.918095
7.131429
7.386122
7.588571
7.836735
8.132789
8.485442
8.742313
9.016599
9.242993
9.438912
9.671837
9.889524
10.102857
10.198639
10.277007
10.361905
10.564354
10.813605
11.028571
11.257143
11.489342
11.743311
12.195556
12.422857
12.638730
12.844444
13.052698
13.272381
13.467937
13.725714
13.925079
14.146032
14.388571
14.610794
14.833016
15.056508
15.267302
15.481905
15.704127
15.922540
16.126984
16.344127
16.547302
16.760635
17.029841
17.221587
17.423492
17.652063
17.864127
18.077460
18.309841
18.509206
18.750476
18.961270
19.160635
19.380317
19.627937
19.847619
20.063492
20.280635
20.499048
20.723810
20.857143
20.970159
21.055238
21.160635
21.413333
21.613968
21.857778
22.097778
22.797460
22.986667
23.206349
23.437460
23.621587
23.883175
24.577778
24.775873
24.981587
25.212698
25.420952
25.672381
26.171429
26.384762
26.598095
27.051429
27.258413
27.480635
27.770159
28.165079
28.431746
28.661587
29.568254
29.808254
30.062222
30.276825
30.513016
30.761905
33.241905
33.507302
33.624127
33.754921
33.944127
34.209524
34.384762
34.605714
34.839365
35.081905
35.273651
35.503492
35.743492
35.968254
36.177778
36.413968
36.683175
37.348571
37.561905
37.784127
37.983492
38.228571
38.492698
39.189841
39.414603
39.930159
40.080000
40.333968
41.029841
41.268571
41.753651
41.955556
42.224762
42.970159
43.302857
45.083175
