0.134240
0.388209
1.135601
1.376871
1.990023
2.300227
2.530612
2.760998
2.969615
3.183673
3.437642
3.635374
3.900227
4.123356
4.794558
5.053968
5.741497
6.006349
6.200454
6.448980
6.663039
6.915193
7.131066
7.397732
7.606349
7.825850
8.522449
8.740136
9.422222
9.648980
10.118821
10.585034
11.279819
11.524717
11.738776
11.934694
12.177778
12.390023
12.605896
12.843537
13.075737
13.268027
13.487528
13.676190
13.950113
14.160544
14.378231
14.599546
14.826304
15.025850
15.256236
15.464853
15.711565
15.907483
16.116100
16.366440
16.569615
16.776417
16.999546
17.219048
17.451247
17.656236
17.873923
18.089796
18.298413
18.536054
18.760998
18.960544
19.152834
19.379592
19.599093
19.836735
20.052608
20.266667
20.498866
20.711111
20.946939
21.159184
21.384127
21.616327
21.826757
22.078912
22.791837
22.978685
23.218141
23.421315
23.646259
23.867574
24.507937
24.751020
24.981406
25.199093
25.416780
25.668934
26.149660
26.363719
26.577778
27.013152
27.248980
27.501134
28.027211
28.181406
28.417234
28.874376
30.033560
30.271202
30.494331
30.735601
31.385034
31.642630
31.751474
31.846712
31.993651
32.084354
32.295510
32.537143
33.253878
33.487347
33.624490
33.707755
33.782857
33.923265
34.199184
34.370612
34.600816
34.824490
34.948571
35.275102
35.506939
35.726803
35.948844
36.185034
36.899048
37.114558
37.335510
37.597823
38.029932
38.749388
38.976871
39.621224
39.871565
40.526803
40.801088
41.425850
41.690340
42.432653
42.711293
42.962721
43.276190
