0.23
0.45
1.2
1.42
4.14
4.38
5.14
5.36
8.04
8.29
9.03
9.31
10.06
10.3
10.78
11.26
12.08
12.32
12.59
12.82
13.05
13.32
13.56
13.8
14.05
14.28
14.52
14.75
14.98
15.23
15.47
15.73
15.97
16.23
16.47
16.68
16.91
17.16
17.39
17.62
17.87
18.1
18.343764
18.57
18.81
19.05
19.29
19.54
19.76
20.01
20.24
20.49
20.73
20.96
21.2
21.43
21.67
21.9
22.13
22.38
22.61
22.85
23.11
23.38
24.13
24.38
24.636372
24.91
26.16
26.41
26.679728
26.9
28.09
28.374785
29.09
29.280363
30.11
30.418141
31.14
31.323719
31.63
31.91
32.624036
32.89
33.134875
33.41
34.13
34.37
34.53
34.625306
34.76
34.89
35.186939
35.39
35.64
35.9
36.662857
36.94
37.19
37.45
37.7
37.96898
38.78
38.987755
42.3
42.5
43.26
43.51
44.25
44.5
45.2
45.47
46.31
46.5
46.74
47.07
