0.13
0.44
1.17
1.45
4.13
4.4
5.11
5.39
8.05
8.31
9.05
9.32
10.04
10.32
10.8
11.27
12.07
12.33
12.59
12.81
13.06
13.3
13.55
13.74
14.02
14.24
14.54
14.77
15.01
15.21
15.46449
15.719909
15.98
16.21
16.44
16.7
16.88
17.16
17.41
17.66
17.867755
18.12
18.36
18.61
18.85
19.04
19.3
19.54
19.79
20.01
20.26
20.5
20.74
20.97
21.2
21.43
21.68
21.91
22.15
22.39
22.63
22.86
23.09
23.42
24.12
24.37
24.620408
24.91
26.13
26.38
26.61
26.9
28.12
28.342857
29.08
29.41
30.07
30.393469
31.1
31.373061
33.61
33.97
34.64
34.86
35.14
35.382857
38.19
38.47
39.21
39.49
40.21
40.49
40.69
40.98
41.99
43.0
44.0
44.97
46.03
47.08
