0.18
0.43
0.71
0.97
1.2
1.47
1.695057
1.94
2.2
2.45
2.7
2.98
3.18
3.4
3.64
3.85
4.12
4.39
4.64
4.89
5.11
5.34
5.66
5.88
6.15
6.36
6.64
6.87
7.1
7.3
7.59
7.82
8.07
8.32
8.568163
8.846803
9.04
9.33
9.57
9.822041
10.06
10.27
10.54
10.79
10.930794
11.032381
11.12
11.3
11.54
11.83
12.08
12.33
12.58
12.79
13.06
13.31
13.55
13.8
14.05
14.29
14.51
14.71
15.0
15.23
15.52
15.74
15.97
16.21
16.44
16.64
16.93
17.14
17.4
17.64
17.87
18.12
18.36
18.59
18.82
19.06
19.29
19.49
19.76
20.01
20.25
20.48
20.66
20.93
21.19
21.47
21.68
21.93
22.16
22.39
22.54
22.674286
22.76
22.89
23.13
23.37
23.62
23.91
24.584127
24.87
25.16
25.38
25.61
25.87
26.595556
26.87
27.15
27.35746
27.61
27.86
28.353016
28.58
28.87
29.33
29.58
29.89
30.354286
30.63
30.9
31.329524
32.12
32.4
32.64
32.88
33.14
33.44254
36.14
36.44
36.58
36.662857
36.78
36.9
37.18
37.404444
37.68
37.95
38.23
38.44
38.69
38.91
39.24
39.47
39.73
40.0
40.71
40.97
41.26
41.447619
41.74
42.03
42.75
43.04
43.52
43.8
44.06
44.72
45.01
45.490794
45.73
46.01
46.81
47.12
48.64
