0.18
0.42
1.23
1.4
2.19
2.46
2.65
2.94
3.204354
3.42
3.64
3.89
4.11
4.33
5.12
5.39
6.14
6.356463
6.58
6.826667
7.08
7.331701
7.59
7.82
8.05
8.32
9.08
9.31
10.04
10.26
10.76
11.3
12.06
12.32
12.56
12.82
13.05
13.31
13.54
13.8
14.03
14.26
14.51
14.73
14.98
15.23
15.47
15.71
15.95
16.19
16.41
16.69
16.92
17.16
17.41
17.64
17.84
18.11
18.35
18.58
18.78
19.06
19.31
19.54
19.78
20.0
20.24
20.48
20.72
20.92
21.19
21.42
21.66
21.89
22.14
22.38
22.64
22.88
23.13
23.37
23.62
23.87
24.694422
24.86
25.147211
25.37
25.58
25.88
26.627483
26.88
27.167347
27.36
27.58
27.85
28.351565
28.54
28.85
29.361633
29.622857
29.866667
30.354286
30.6
30.83
31.346939
32.59
32.88
33.11
33.367075
34.12
34.37
34.5
34.61
34.742857
34.83
35.14
35.4
36.16
36.44
36.57
36.662857
36.78
36.95
37.217959
37.45
37.68
37.94
38.2
38.48
38.72
38.948571
39.25
39.45
40.21
40.43
40.73
40.97
41.234286
41.49
42.25
42.52
43.24
43.51
44.23
44.54
45.29
45.49
46.25
46.51
46.8
47.12
