0.177778
0.391111
1.081905
1.290159
3.687619
3.961905
4.63746
4.835556
7.253333
7.497143
8.132063
8.350476
9.010794
9.213968
9.67619
10.113016
10.79873
11.012063
11.250794
11.469206
11.667302
11.890794
12.099048
12.286984
12.515556
12.728889
12.942222
13.150476
13.379048
13.572063
13.775238
13.978413
14.206984
14.425397
14.628571
14.821587
15.034921
15.253333
15.451429
15.644444
15.878095
16.055873
16.284444
16.497778
16.71619
16.934603
17.127619
17.340952
17.549206
17.75746
17.986032
18.194286
18.407619
18.610794
18.813968
19.012063
19.225397
19.433651
19.652063
19.880635
20.093968
20.281905
20.525714
20.733968
21.424762
21.643175
21.886984
22.090159
23.141587
23.385397
23.613968
23.867937
24.919365
25.137778
25.75746
25.991111
26.656508
26.905397
27.555556
27.789206
28.00254
28.24127
28.860952
29.114921
29.328254
29.536508
30.206984
30.4
30.552381
30.664127
30.760635
30.862222
31.075556
31.273651
31.52254
31.715556
32.375873
32.619683
32.848254
33.051429
33.285079
33.508571
34.113016
34.351746
37.19619
37.429841
38.100317
38.308571
38.95873
39.166984
39.776508
40.0
40.711111
40.975238
41.244444
41.594921
