0.12771
0.406349
1.050703
1.306122
3.680363
3.935782
4.591746
4.829751
7.256236
7.48263
8.156009
8.376599
9.015147
9.229932
9.647891
10.106485
10.756644
10.988844
11.226848
11.418413
11.621587
11.871202
12.085986
12.294966
12.498141
12.712925
12.945125
13.148299
13.368889
13.595283
13.798458
14.042268
14.228027
14.458776
14.659048
14.846259
15.046531
15.259864
15.455782
15.677823
15.869388
16.095782
16.296054
16.487619
16.700952
16.905578
17.136327
17.362721
17.562993
17.767619
18.007075
18.207347
18.398912
18.638367
18.812517
19.038912
19.247891
19.430748
19.657143
19.870476
20.075102
20.301497
20.519184
20.749932
21.420408
21.659864
21.877551
22.099592
23.170612
23.388299
23.597279
23.828027
24.868571
25.173333
25.752381
26.009252
26.63619
26.906122
27.537415
27.759456
29.722993
29.988571
30.61551
30.876735
31.133605
31.342585
33.689252
33.933061
34.573061
34.808163
35.461224
35.674558
35.892245
36.105578
36.967619
37.860136
38.761361
39.614694
40.498503
41.573878
