0.156735
0.395102
0.649796
0.878367
1.054694
1.302857
1.554286
1.743673
1.959184
2.197551
2.409796
2.625306
2.814694
3.053061
3.271837
3.500408
3.748571
3.960816
4.169796
4.391837
4.597551
4.829388
5.051429
5.266939
5.49551
5.71102
5.955918
6.187755
6.409796
6.595918
6.827755
7.062857
7.262041
7.497143
7.748571
7.918367
8.143673
8.372245
8.581224
8.803265
9.00898
9.23102
9.44
9.662041
9.776327
9.890612
9.965714
10.099592
10.34449
10.56
10.77551
11.000816
11.235918
11.467755
11.653878
11.875918
12.091429
12.310204
12.515918
12.724898
12.933878
13.159184
13.355102
13.577143
13.789388
13.991837
14.200816
14.406531
14.612245
14.82449
15.033469
15.245714
15.454694
15.683265
15.869388
16.088163
16.313469
16.522449
16.731429
16.946939
17.155918
17.355102
17.577143
17.789388
17.985306
18.19102
18.396735
18.605714
18.798367
19.020408
19.242449
19.451429
19.666939
19.872653
20.006531
20.114286
20.20898
20.313469
20.538776
20.741224
20.966531
21.247347
21.844898
22.119184
22.318367
22.533878
22.739592
22.971429
23.621224
23.820408
24.039184
24.235102
24.463673
24.705306
25.208163
25.387755
25.596735
26.001633
26.177959
26.44898
26.906122
27.115102
27.350204
27.781224
28.457143
28.692245
28.901224
29.113469
29.302857
29.557551
31.990204
32.195918
32.32
32.43102
32.545306
32.636735
32.816327
33.051429
33.266939
33.475918
33.701224
33.900408
34.122449
34.337959
34.56
34.762449
34.974694
35.216327
35.862857
36.068571
36.280816
36.532245
36.741224
36.979592
37.6
37.848163
38.292245
38.491429
38.716735
39.353469
39.621224
40.045714
40.254694
40.486531
41.227755
41.560816
42.909388
