0.16254
0.406349
1.039093
1.288707
1.940317
2.173968
2.377143
2.605714
2.793651
2.986667
3.220317
3.464127
3.657143
3.895873
4.55619
4.779683
5.506032
5.744762
5.92254
6.206984
6.4
6.64381
6.821587
7.075556
7.258413
7.492063
8.126984
8.350476
8.975238
9.213968
9.655873
10.107937
10.813968
11.022222
11.220317
11.453968
11.667302
11.880635
12.107755
12.33415
12.534422
12.73034
12.926259
13.104762
13.361633
13.570612
13.766531
14.001633
14.206259
14.406531
14.61551
14.850612
15.042177
15.25551
15.477551
15.686531
15.89551
16.095782
16.304762
16.522449
16.722721
16.944762
17.131973
17.354014
17.571701
17.78068
17.998367
18.216054
18.398912
18.603537
18.821224
19.043265
19.243537
19.456871
19.674558
19.883537
20.088163
20.314558
20.523537
20.741224
20.976327
21.233197
21.925442
22.112653
22.321633
22.521905
22.717823
22.987755
23.653878
23.841088
24.071837
24.267755
24.472381
24.707483
25.164626
25.364898
25.582585
26.004898
26.213878
26.435918
26.901769
27.106395
27.328435
27.755102
28.895782
29.130884
29.331156
29.57932
30.167075
30.419592
30.506667
30.619864
30.737415
30.854966
31.129252
31.338231
31.96517
32.178503
32.300408
32.39619
32.50068
32.613878
32.81415
33.044898
33.262585
33.480272
33.728435
33.915646
34.150748
34.355374
34.577415
34.790748
35.448163
35.648435
35.870476
36.088163
36.323265
36.536599
37.215782
37.429116
38.060408
38.312925
38.931156
39.188027
39.810612
40.032653
40.729252
40.99483
41.260408
41.578231
