0.194286
0.411429
1.09551
1.289796
3.774694
3.982041
4.667755
4.868571
7.324082
7.55102
8.200816
8.408163
9.046531
9.28
9.746939
10.181224
10.876735
11.12
11.315918
11.526531
11.72898
11.939592
12.169796
12.385306
12.599184
12.813061
13.00898
13.201633
13.435102
13.645714
13.859592
14.086531
14.308571
14.509388
14.721633
14.907755
15.116735
15.340408
15.55102
15.748571
15.978776
16.18449
16.372245
16.540408
16.811429
17.026939
17.191837
17.423673
17.634286
17.84
18.071837
18.282449
18.488163
18.690612
18.912653
19.121633
19.317551
19.531429
19.751837
19.965714
20.192653
20.396735
20.571429
20.806531
21.536327
21.755102
21.953016
22.205533
23.250431
23.466667
23.685805
23.942676
25.034014
25.212517
25.877188
26.061497
26.726168
26.94966
27.618685
27.795737
28.061315
28.293515
28.945125
29.164263
29.377596
29.606893
30.257052
30.461678
30.577778
30.699683
30.785306
30.930431
31.129252
31.317914
31.583492
31.80263
32.448435
32.644354
32.912834
33.095692
33.311927
33.567347
34.179773
34.382948
37.265125
37.492971
38.127166
38.34195
39.018231
39.208345
39.868662
40.093605
40.755374
41.009342
41.094966
41.270567
41.579683
