0.182857
0.426667
1.062313
1.306122
3.748571
3.992381
4.645442
4.87619
8.185034
8.428844
9.06449
9.299592
9.721905
10.161633
10.840816
11.093333
11.284898
11.513469
11.72898
11.964082
12.176327
12.37551
12.610612
12.790204
13.022041
13.234286
13.436735
13.64898
13.87102
14.096327
14.302041
14.494694
14.72
14.938776
15.134694
15.363265
15.555918
15.771429
15.960816
16.150204
16.391837
16.597551
16.803265
17.005714
17.23102
17.44
17.645714
17.87102
18.076735
18.292245
18.497959
18.723265
18.915918
19.128163
19.337143
19.549388
19.758367
19.970612
20.199184
20.417959
20.620408
20.868571
21.508571
21.743673
21.982041
22.19102
23.281633
23.484082
23.712653
23.918367
24.979592
25.240816
25.848163
26.099592
26.749388
27.000816
27.62449
27.859592
29.776327
30.044082
30.726531
30.955102
31.164082
31.363265
33.737143
33.97551
34.605714
34.844082
35.523265
35.751837
35.960816
36.199184
37.054694
37.936327
38.798367
39.670204
40.551837
41.590204
