0.149478
0.39619
0.660317
0.857143
1.073016
1.324444
1.490794
1.76
1.975873
2.203175
2.449524
2.650159
2.890159
3.097143
3.326984
3.502222
3.719365
3.987302
4.196825
4.425397
4.64127
4.888889
5.127619
5.315556
5.560635
5.732063
5.975873
6.212063
6.431746
6.664127
6.855873
7.095873
7.343492
7.532698
7.809524
7.986032
8.185397
8.417778
8.64254
8.841905
9.060317
9.285079
9.513651
9.707937
9.828571
9.953016
10.044444
10.165079
10.392381
10.660317
10.874921
11.084444
11.323175
11.533968
11.737143
11.936508
12.191746
12.363175
12.590476
12.808889
13.033651
13.238095
13.423492
13.648254
13.866667
14.08254
14.289524
14.488889
14.702222
14.918095
15.104762
15.330794
15.565714
15.777778
15.979683
16.181587
16.39619
16.622222
16.838095
17.023492
17.213968
17.44254
17.654603
17.878095
18.08127
18.285714
18.487619
18.712381
18.890159
19.12127
19.332063
19.545397
19.754921
19.968254
20.08381
20.203175
20.290794
20.361905
20.598095
20.829206
21.04
21.346032
22.007619
22.187937
22.429206
22.660317
22.868571
23.100952
23.728254
23.927619
24.137143
24.355556
24.537143
24.80127
25.269841
25.461587
25.668571
26.07746
26.313651
26.540952
26.971429
27.180952
27.382857
27.876825
28.526984
28.731429
28.96254
29.153016
29.373968
29.592381
32.024127
32.265397
32.389841
32.48254
32.582857
32.679365
32.928254
33.076825
33.333333
33.530159
33.782857
33.964444
34.148571
34.408889
34.670476
34.843175
35.074286
35.313016
35.928889
36.143492
36.368254
36.609524
36.793651
37.048889
37.68254
37.904762
38.339048
38.55746
38.782222
39.433651
39.662222
40.085079
40.279365
40.521905
41.309206
41.568254
42.744127
