0.167619
0.39619
1.077551
1.301769
1.935238
2.194286
2.403265
2.666667
2.858776
3.053061
3.263673
3.484082
3.764898
3.937959
4.623673
4.852245
5.505306
5.763265
5.970612
6.168163
6.427755
6.654694
6.875102
7.072653
7.315918
7.539592
8.19102
8.408163
9.082449
9.257143
9.724082
10.16
10.889796
11.116735
11.325714
11.533061
11.740408
11.954286
12.177959
12.385306
12.589388
12.795102
13.007347
13.209796
13.428571
13.640816
13.872653
14.070204
14.303673
14.499592
14.718367
14.945306
15.142857
15.345306
15.554286
15.76
15.967347
16.186122
16.354286
16.605714
16.814694
17.00898
17.23102
17.446531
17.675102
17.874286
18.089796
18.293878
18.494694
18.690612
18.907755
19.124898
19.281633
19.554286
19.763265
19.97551
20.186122
20.391837
20.636735
20.840816
21.057959
21.324082
21.993469
22.173061
22.406531
22.61551
22.835918
23.059592
23.719184
23.931429
24.156735
24.37551
24.577959
24.791837
25.250612
25.448163
25.665306
26.088163
26.305306
26.522449
26.976327
27.16898
27.399184
27.813878
28.948571
29.164082
29.351837
29.611429
30.24
30.466939
30.587755
30.661224
30.782041
30.906122
31.155918
31.392653
32.019592
32.24
32.349751
32.435374
32.5239
32.673379
32.882358
33.113107
33.31483
33.536871
33.721179
33.980952
34.185578
34.403265
34.602086
34.844444
35.526531
35.716644
35.959002
36.146213
36.400181
36.594649
37.288345
37.51619
38.131519
38.346304
38.964535
39.251882
39.897687
40.071837
40.290975
40.796009
41.049977
41.283628
41.601451
