0.14
0.42
1.11
1.32
3.81
4.02
4.72
4.92
7.45
7.69
8.38
8.6
9.25
9.48
9.94
10.38
11.075918
11.308118
11.53
11.75
11.96
12.17
12.4
12.62
12.84
13.06
13.26
13.45
13.67
13.91
14.12
14.34
14.56
14.76
14.98
15.15
15.41
15.62
15.83
16.03
16.2
16.37
16.66
16.87
17.08
17.3
17.52
17.75
17.95
18.17
18.4
18.59
18.8
19.01
19.24
19.45
19.65
19.86
20.06
20.29
20.51
20.72
20.96
21.16
21.88
22.11
22.291156
22.62
23.61
23.84
24.055873
24.32
25.38
25.61
26.29
26.493968
27.19
27.376327
28.12
28.29
28.57
28.82
29.45
29.71
29.89
30.15
30.81
31.02
31.106032
31.24
31.36
31.47
31.725714
31.93
32.15
32.41
33.08
33.3
33.5
33.74
33.95
34.2
34.87
35.09
38.01
38.25
38.92
39.13
39.8
40.0
40.69
40.92
41.59
41.85
42.17
42.53
