0.15
0.4
1.07
1.32
3.8
4.05
4.72
4.95
7.44
7.7
8.35
8.65
9.27
9.51
9.95
10.38
11.07
11.31
11.53
11.73
11.96
12.17
12.37
12.55
12.8
12.99
13.21
13.47
13.64
13.86
14.1
14.33
14.55
14.77
14.98
15.19
15.41
15.61
15.82
16.0
16.24
16.42
16.68
16.9
17.09
17.31
17.55
17.76
17.97
18.19
18.41
18.61
18.83
19.03
19.24
19.45
19.67
19.84
20.09
20.3
20.5
20.71
20.96
21.2
21.87
22.11
22.3
22.52
23.63
23.83
24.032653
24.3
25.39
25.65
26.27
26.493968
27.23
27.492426
28.07
28.305125
30.32
30.64
31.29
31.51
31.74
31.95
34.39
34.64
35.27
35.503311
36.22
36.44
36.65
36.89
37.85
38.69
39.56
40.46
41.36
42.51
