0.15
0.42
0.673379
0.9
1.09
1.29
1.57
1.81
2.05
2.26
2.46712
2.68
2.92
3.14
3.36
3.6
3.83
4.06
4.28
4.5
4.7
4.91
5.2
5.4
5.66
5.85
6.1
6.34
6.54
6.79
6.980499
7.19
7.45
7.71
7.92381
8.126984
8.344671
8.6
8.83
9.04127
9.27
9.48
9.71
9.93
10.06
10.161633
10.27
10.41
10.62
10.86
11.08
11.32
11.49
11.71
11.95
12.16
12.4
12.61
12.81
13.04
13.24
13.43
13.68
13.9
14.11
14.34
14.56
14.76
14.98
15.18
15.41
15.62
15.84
16.05
16.23
16.46
16.63
16.91
17.101497
17.33
17.54
17.74
17.98
18.18
18.38
18.61
18.78
19.01
19.24
19.44
19.67
19.87
20.08
20.3
20.41
20.523537
20.61
20.73
20.94
21.16
21.39
21.66
22.334694
22.55
22.761361
23.01
23.22
23.47
24.119728
24.32
24.502857
24.711837
24.92
25.19
25.652245
25.85
26.1
26.55
26.75
26.98
27.332789
27.63
27.87
28.342857
29.02
29.25
29.48
29.67
29.94
30.15
32.6
32.87
32.98
33.11
33.20381
33.31
33.56
33.737143
33.95
34.2
34.38
34.63
34.85
35.06
35.33
35.53
35.74
35.99
36.65
36.84
37.09
37.36
37.55
37.8
38.466032
38.7
39.14
39.34
39.59
40.22
40.45
40.893968
41.09
41.32
42.14
42.44
44.28
