0.17
0.38
1.13
1.34
2.04
2.21
2.49
2.72
2.902494
3.17
3.35
3.59
3.83
4.06
4.7
4.95
5.67
5.863039
6.09
6.312925
6.56
6.733787
6.99
7.21
7.46
7.71
8.36
8.59
9.26
9.49
9.93
10.39
11.09
11.29
11.54
11.76
11.97
12.21
12.42
12.65
12.84
13.04
13.26
13.47
13.67
13.89
14.11
14.33
14.57
14.74
14.99
15.21
15.42
15.64
15.83
16.06
16.24
16.46
16.68
16.89
17.11
17.32
17.54
17.74
17.97
18.18
18.39
18.61
18.8
19.03
19.24
19.45
19.66
19.89
20.1
20.32
20.52
20.75
20.98
21.19
21.41
21.68
22.35
22.56
22.755556
23.0
23.2
23.42
24.003628
24.24
24.439002
24.73
24.94
25.19
25.67
25.84
26.1
26.485261
26.74
26.99
27.428571
27.65
27.89
28.255782
29.47
29.69
29.939229
30.142404
30.8
31.03
31.137959
31.25
31.346939
31.45
31.7
31.93
32.63
32.87
32.972336
33.07
33.146485
33.31
33.547029
33.77
33.95
34.19
34.41
34.59
34.84
35.08
35.3
35.509116
36.22
36.41
36.61
36.884898
37.099683
37.35
38.01
38.25
38.93
39.14
39.78
40.04
40.67
40.87873
41.62
41.86
42.14
42.49
