0.166531
0.551837
0.682449
0.953469
1.253878
1.988571
2.12898
2.24
2.4
2.494694
2.605714
2.755918
3.438367
3.56898
3.725714
3.856327
4.333061
4.871837
5.381224
5.884082
6.337959
6.811429
7.066122
7.31102
7.57551
7.810612
9.348571
9.70449
9.838367
10.102857
10.354286
11.121633
11.242449
11.36
11.477551
11.591837
11.699592
11.810612
12.094694
12.192653
12.313469
12.43102
12.564898
12.669388
12.783673
13.309388
13.792653
14.057143
14.285714
14.530612
14.785306
16.274286
16.666122
16.783673
17.057959
17.355102
17.998367
18.125714
18.243265
18.347755
18.481633
18.595918
18.739592
19.41551
19.549388
19.699592
19.813878
20.323265
20.773878
21.273469
21.789388
22.24
22.716735
22.981224
23.206531
23.461224
23.696327
25.253878
25.613061
25.746939
26.011429
26.249796
26.99102
27.105306
27.213061
27.314286
27.448163
27.572245
27.693061
27.954286
28.058776
28.202449
28.310204
28.414694
28.522449
28.636735
29.126531
29.603265
29.854694
30.099592
30.347755
30.595918
32.052245
32.42449
32.587755
32.85551
33.123265
33.851429
33.995102
34.093061
34.246531
34.364082
34.468571
34.60898
35.102041
35.294694
35.588571
36.11102
37.315918
37.596735
38.076735
38.886531
39.010612
39.115102
39.235918
39.376327
39.467755
39.601633
39.732245
39.892245
40.039184
40.192653
40.349388
40.476735
40.600816
40.777143
41.28
41.642449
41.779592
42.047347
42.28898
43.007347
43.141224
43.275102
43.418776
43.503673
43.611429
43.72898
43.983673
44.228571
44.463673
44.711837
45.23102
46.187755
46.687347
