2.249433
2.632562
2.763175
3.047619
3.317551
4.112834
4.243447
4.356644
4.498866
4.617868
4.739773
4.87619
5.140317
5.625034
5.857234
6.086531
6.565442
6.826667
7.087891
7.325896
7.584218
7.822222
8.356281
8.721995
8.864218
9.12254
9.372154
10.14712
10.266122
10.370612
10.49542
10.605714
10.742132
10.864036
11.122358
11.273288
11.377778
11.49678
11.604172
11.70576
11.821859
12.091791
12.190476
12.300771
12.434286
12.541678
12.643265
12.797098
12.982857
13.093152
13.554649
13.792653
13.946485
14.071293
14.558912
14.814331
15.049433
15.261315
15.528345
15.830204
18.256689
18.631111
18.753016
19.01424
19.263855
19.989478
20.114286
20.233288
20.381315
20.497415
20.61932
20.764444
20.973424
21.50458
21.728073
21.963175
22.462404
22.712018
22.990658
23.222857
23.486984
23.724989
24.259048
24.642177
24.743764
25.019501
25.269116
26.032472
26.136961
26.255964
26.389478
26.479456
26.610068
26.746485
27.001905
27.115102
27.237007
27.373424
27.463401
27.567891
27.681088
27.948118
28.0439
28.154195
28.2761
28.400907
28.490884
28.630204
28.830476
28.955283
29.38195
29.622857
29.785397
29.898594
30.316553
30.612608
30.85932
31.085714
31.329524
31.605261
33.09424
33.515102
33.637007
33.901134
34.130431
34.835737
34.977959
35.088254
35.239184
35.361088
35.445261
35.570068
36.06059
36.336327
36.597551
37.056145
38.289705
38.611882
39.720635
40.208254
40.617506
40.736508
41.04127
41.302494
42.04263
42.17034
42.28644
42.422857
42.530249
42.655057
42.776961
43.017868
43.267483
43.50839
43.755102
44.457506
44.721633
44.99737
45.458866
45.696871
45.978413
46.419592
46.735964
46.994286
47.23229
47.49932
47.856327
