0.28
0.63
1.66
2.06
5.58
5.85
6.67
6.96
9.75
9.99
10.76
10.97
11.66
11.91
12.36
12.81
13.55
13.79
14.0
14.22
14.42
14.63
14.86
15.07
15.28
15.48
15.69
15.88
16.09
16.29
16.49
16.7
16.9
17.09
17.29
17.438186
17.68
17.86
18.06
18.25
18.44
18.62
18.81
19.02
19.22
19.4
19.57
19.75
19.94
20.11
20.31
20.51
20.69
20.88
21.05
21.2
21.42
21.59
21.77
21.95
22.13
22.31
22.51
22.68
23.24
23.46
23.661134
23.86
24.81
25.0
25.170431
25.36
26.31
26.563628
27.07
27.25
27.92
28.165805
28.81
29.0
29.28
29.5
30.232381
30.49
30.74322
30.99
31.68
31.95
32.11
32.233651
32.37
32.49
32.731429
32.98
33.26
33.52
34.306032
34.59
34.83
35.057778
35.33
35.575873
36.38
36.632381
40.13
40.41
41.27
41.52
42.4
42.7
43.59
43.9
44.93
45.35
45.84
46.88
