0.28
0.61
1.63
2.0
5.57
5.86
6.7
6.95
9.76
10.01
10.72
10.97
11.69
11.91
12.36
12.8
13.53
13.76
13.98
14.22
14.4
14.64
14.86
15.03
15.27
15.46
15.7
15.92
16.07
16.32
16.5
16.69
16.91
17.09
17.28
17.51
17.65
17.87
18.07
18.25
18.44
18.64
18.84
19.03
19.2
19.4
19.59
19.78
19.94
20.14
20.32
20.5
20.66
20.87
21.04
21.24
21.41
21.56
21.78
21.96
22.14
22.34
22.5
22.7
23.28
23.5
23.666939
23.92
24.77
24.96
25.17
25.34
26.32
26.488163
27.05
27.219592
27.9
28.146939
28.75
28.969796
31.19
31.46
32.156735
32.391837
32.7
32.95
35.83
36.08
36.85
37.12
37.92
38.19
38.49
38.77
39.88
40.94
42.1
43.27
44.56
46.74
