0.25
0.59
0.975238
1.3
1.66
2.0
2.39
2.73
3.05
3.38
3.75
4.03
4.34
4.69
4.99
5.32
5.55
5.86
6.176508
6.42
6.69
6.97
7.18
7.51
7.76
8.035556
8.32
8.53
8.76
9.06
9.29
9.53
9.77
10.02
10.3
10.5
10.69
10.97
11.21
11.418413
11.67
11.9
12.13
12.36
12.485079
12.606984
12.71873
12.82
13.07
13.29
13.53
13.77
14.02
14.18
14.43
14.67
14.87
15.07
15.28
15.51
15.67
15.91
16.11
16.31
16.5
16.71
16.92
17.12
17.3
17.5
17.68
17.9
18.07
18.25
18.45
18.66
18.79
19.03
19.19
19.4
19.545397
19.75
19.94
20.15
20.33
20.52
20.693333
20.88
21.01
21.21
21.43
21.63
21.78
21.963175
22.08
22.19102
22.243265
22.34
22.53
22.72
22.88
23.07
23.627755
23.84
24.0
24.23
24.4
24.59
25.155918
25.34
25.54
25.76
25.95
26.17
26.514286
26.71
26.87
27.3
27.47
27.71
28.107755
28.310204
28.54
29.05
29.76
29.99
30.28
30.49
30.78
30.99
33.81
34.06
34.2
34.311837
34.46
34.59
34.87
35.128163
35.32
35.57
35.87
36.11
36.33
36.55
36.91
37.14
37.34
37.69
38.42
38.75
39.020408
39.25
39.529796
39.86
40.724898
41.01
41.528163
41.81
42.12
42.99
43.32
43.92
44.26
44.623673
45.85
46.84
48.81
