0.18
0.6
1.63
2.0
3.01
3.37
3.645533
4.02
4.388571
4.68
4.94585
5.22449
5.56
5.82
6.65
6.95
7.78
8.010884
8.25
8.475283
8.8
9.04
9.28
9.51
9.74
10.01
10.73
10.98
11.69
11.9
12.35
12.81
13.54
13.78
14.01
14.21
14.43
14.63
14.86
15.06
15.26
15.46
15.66
15.84
16.1
16.29
16.49
16.69
16.9
17.08
17.28
17.48
17.68
17.87
18.07
18.25
18.44
18.63
18.84
19.01
19.2
19.39
19.57
19.75
19.95
20.14
20.33
20.51
20.7
20.9
21.08
21.26
21.43
21.6
21.81
21.96
22.16
22.33
22.5
22.68
22.89
23.08
23.591474
23.84
23.986213
24.21
24.39
24.59
25.193651
25.36
25.51873
25.75
25.93
26.11
26.540408
26.71
27.02
27.271837
27.52
27.72
28.16
28.34
28.51
28.961088
30.24
30.5
30.77
31.0
31.69
31.97
32.1
32.23
32.330884
32.45
32.75
33.0
33.8
34.06
34.21
34.31
34.42068
34.53
34.856054
35.09
35.32
35.59
35.84
36.09
36.37
36.62
36.89
37.13
37.98
38.19
38.48
38.74
39.087891
39.31
40.17
40.44
41.25
41.543401
42.38
42.71
43.6
43.93
44.99
45.409524
45.966803
46.71
