0.304762
0.70966
1.249524
1.340952
2.307483
2.416327
2.542585
2.668844
2.782041
2.908299
3.02585
3.169524
3.317551
3.465578
3.639728
4.188299
4.562721
4.68898
5.507483
5.646803
5.764354
5.877551
6.008163
6.138776
6.265034
6.382585
6.508844
6.626395
6.770068
7.24898
7.666939
7.788844
8.089252
8.589932
9.13415
9.373605
9.604354
9.865578
10.161633
10.623129
11.141224
11.419864
11.611429
11.877007
12.138231
12.416871
12.90449
13.365986
13.731701
13.831837
14.506667
14.611156
14.715646
14.82449
14.92898
15.050884
15.15102
15.268571
15.368707
15.477551
15.595102
16.0
16.313469
16.452789
17.084082
17.192925
17.293061
17.414966
17.52381
17.619592
17.732789
17.81551
17.92
18.002721
18.124626
18.533878
18.947483
19.160816
19.543946
19.761633
20.005442
20.227483
20.449524
20.645442
20.893605
21.080816
21.298503
21.685986
21.925442
22.103946
22.312925
22.526259
22.726531
23.736599
24.14585
24.254694
24.75102
25.129796
25.247347
25.539048
25.80898
26.906122
27.267483
27.580952
27.846531
28.094694
28.412517
28.704218
28.978503
29.261497
29.849252
30.47619
31.129252
31.277279
31.442721
31.586395
31.738776
31.873741
32.039184
32.191565
32.39619
33.027483
33.519456
33.663129
33.95483
34.111565
34.281361
34.433741
34.577415
34.708027
34.917007
35.526531
35.970612
36.149116
36.475646
36.601905
36.762993
36.915374
37.05034
37.18966
37.324626
37.742585
38.356463
38.97034
39.54068
40.433197
40.759728
41.086259
41.408435
