0.239456
0.834467
1.262585
1.393197
2.808163
2.951837
3.093333
3.194921
3.337143
3.459048
3.586032
4.185397
4.581587
4.683175
5.99873
6.151111
6.273016
6.405079
6.526984
6.659048
6.775873
7.365079
7.674921
7.781587
8.071111
8.579048
9.076825
9.351111
9.655873
9.945397
10.15873
10.626032
11.108571
11.367619
11.636825
11.860317
12.109206
12.358095
12.932063
13.384127
13.826032
14.491429
14.714921
14.923175
15.141587
15.354921
15.573333
16.010159
16.416508
16.858413
17.061587
17.274921
17.488254
17.696508
17.914921
18.097778
18.544762
18.981587
19.560635
20.012698
20.251429
20.464762
20.678095
20.866032
21.099683
21.297778
21.485714
21.709206
21.927619
22.140952
22.313651
22.56254
22.760635
23.771429
24.106667
24.233651
24.792381
25.010794
25.259683
25.539048
25.803175
26.96127
27.215238
27.494603
27.76381
28.099048
28.408889
28.63746
28.952381
29.236825
29.851429
30.410159
31.238095
31.405714
31.578413
31.705397
31.862857
32.005079
32.193016
32.345397
32.980317
33.478095
33.615238
34.138413
34.311111
34.443175
34.600635
34.768254
34.920635
35.530159
35.977143
36.129524
36.469841
36.601905
36.739048
36.901587
37.048889
37.211429
37.394286
37.76
38.344127
38.979048
39.568254
40.426667
40.807619
41.107302
41.447619
