0.172698
0.79746
1.259683
1.391746
1.986032
2.128254
2.250159
2.377143
2.529524
2.681905
2.793651
2.935873
3.073016
3.2
3.332063
3.453968
3.621587
4.144762
4.576508
4.703492
5.246984
5.373968
5.511111
5.638095
5.76
5.886984
6.008889
6.151111
6.273016
6.384762
6.526984
6.64381
6.79619
7.304127
7.669841
7.781587
8.091429
8.634921
9.127619
9.396825
9.640635
9.879365
10.138413
10.732698
11.194921
11.448889
11.906032
12.408889
12.886349
13.338413
13.699048
13.805714
14.267937
14.379683
14.496508
14.587937
14.714921
14.826667
14.933333
15.024762
15.141587
15.253333
15.354921
15.44127
15.553016
15.974603
16.309841
16.421587
16.87873
16.980317
17.092063
17.178413
17.28
17.366349
17.483175
17.6
17.701587
17.782857
17.874286
17.986032
18.097778
18.493968
18.813968
18.890159
19.154286
19.570794
19.977143
20.190476
20.408889
20.632381
20.850794
21.313016
21.67873
21.902222
22.313651
22.760635
23.258413
23.735873
24.152381
24.253968
24.736508
25.163175
25.264762
25.574603
25.793016
26.519365
26.676825
26.778413
26.925714
27.260952
27.550476
27.824762
28.129524
28.434286
28.683175
29.028571
29.302857
29.851429
30.445714
30.780952
30.973968
31.11619
31.28381
31.426032
31.588571
31.735873
31.883175
32.035556
32.182857
32.380952
33.005714
33.44254
33.6
33.955556
34.123175
34.265397
34.417778
34.565079
34.712381
34.895238
35.525079
35.946667
36.129524
36.469841
36.622222
36.764444
36.891429
37.04381
37.186032
37.36381
37.724444
38.31873
38.96381
39.588571
40.446984
40.777143
41.11746
41.467937
