0.206803
0.548571
1.748027
2.105034
5.923265
6.258503
7.275102
7.612517
11.047619
11.361088
12.308027
12.593197
13.518367
13.746939
14.306395
14.872381
15.760544
16.056599
16.370068
16.644354
16.899048
17.192925
17.441088
17.658776
17.896054
18.144218
18.372789
18.573061
18.808163
19.030204
19.217415
19.426395
19.646259
19.842177
20.038095
20.220952
20.41034
20.595374
20.786939
20.94585
21.157007
21.33551
21.51619
21.677279
21.89932
22.047347
22.21932
22.384762
22.561088
22.700408
22.896327
23.066122
23.268571
23.425306
23.60381
23.747483
23.936871
24.10449
24.293878
24.411429
24.609524
24.772789
24.946939
25.088435
25.49551
25.654422
25.861224
26.017959
26.222585
27.078095
27.271837
27.419864
27.615782
28.632381
28.891429
29.570612
29.82966
30.502313
30.726531
31.529796
31.74966
32.039184
32.309116
33.090612
33.34966
33.604354
33.880816
34.67102
34.91483
35.078095
35.226122
35.334966
35.461224
35.76381
36.005442
36.323265
36.62585
37.468299
37.753469
38.042993
38.302041
38.576327
38.874558
39.656054
39.962993
43.948844
44.255782
45.209252
45.494422
46.521905
46.852789
47.865034
48.21551
49.284354
49.628299
50.061497
50.640544
