0.17415
0.589206
1.706667
2.075283
5.906576
6.304218
7.273651
7.607438
11.035283
11.34585
12.274649
12.611338
13.461769
13.734603
14.271565
14.860771
15.734422
16.044989
16.367166
16.65161
16.89542
17.162449
17.414966
17.623946
17.90839
18.123175
18.375692
18.599184
18.828481
19.046168
19.249342
19.458322
19.655692
19.847256
20.035918
20.25941
20.424853
20.64254
20.837007
20.987937
21.182404
21.353651
21.542313
21.707755
21.861587
22.044444
22.227302
22.392744
22.587211
22.743946
22.932608
23.095147
23.257687
23.434739
23.600181
23.777234
23.942676
24.105215
24.28517
24.427392
24.581224
24.772789
24.944036
25.123991
25.663855
25.80898
26.035374
26.189206
26.900317
27.074467
27.231202
27.466304
27.608526
28.644717
29.010431
29.550295
29.788299
30.496508
30.763537
31.486259
31.788118
34.092698
34.382948
35.137596
35.451066
35.726803
35.996735
39.093696
39.404263
40.187937
40.495601
41.372154
41.688526
41.987483
42.338685
43.609977
44.898685
46.181587
47.525442
49.217596
49.980952
50.651429
