0.19229
0.55873
0.991746
1.342222
1.718095
2.045714
2.501587
2.8
3.184762
3.470295
3.851247
4.20771
4.547846
4.875283
5.240816
5.59093
5.897506
6.246712
6.61678
6.936961
7.27619
7.570068
7.884807
8.298413
8.601361
8.909751
9.208163
9.54195
9.847619
10.200816
10.46712
10.7922
11.075918
11.383583
11.726077
11.988753
12.278277
12.592472
12.896508
13.21941
13.456689
13.730249
14.013243
14.291156
14.483447
14.619138
14.693878
14.84771
15.181497
15.475374
15.77288
16.079093
16.341769
16.632744
16.882358
17.164626
17.415692
17.663129
17.90839
18.144943
18.355374
18.601361
18.824127
19.046893
19.227574
19.439456
19.63102
19.823311
20.015601
20.227483
20.41034
20.622222
20.805805
20.987211
21.15483
21.342766
21.50458
21.684535
21.851429
22.035011
22.199728
22.391293
22.584308
22.740317
22.924626
23.090794
23.256961
23.428934
23.60381
23.769977
23.92381
24.094331
24.251791
24.451338
24.524626
24.636372
24.708209
24.792381
24.946213
25.121088
25.283628
25.47737
26.036825
26.213152
26.365533
26.542585
26.713107
26.899592
27.416961
27.591837
27.798639
28.006893
28.199909
28.425578
28.93932
29.152653
29.342766
29.789751
30.001633
30.251247
30.808526
31.010975
31.258413
31.824399
32.586304
32.825034
33.062313
33.324263
33.637007
33.877188
36.937868
37.172971
37.320272
37.462494
37.56771
37.738957
38.022676
38.262132
38.506667
38.812154
39.085714
39.349841
39.639365
39.90712
40.244535
40.505034
40.77932
41.104399
41.937415
42.280635
42.611519
42.934422
43.274014
43.629569
44.601905
44.897234
45.543039
45.89424
46.236009
47.201088
47.54068
48.222766
48.59356
48.939683
50.056417
50.634014
52.452426
