0.170159
0.56127
1.668571
2.07746
3.156825
3.512381
3.860317
4.219501
4.530612
4.897959
5.237551
5.570612
5.918367
6.243265
7.229388
7.582041
8.550204
8.896327
9.190204
9.515102
9.836735
10.148571
10.444082
10.752653
11.01551
11.376327
12.27102
12.563265
13.443265
13.72898
14.298776
14.886531
15.756735
16.05551
16.352653
16.597551
16.883265
17.134694
17.397551
17.640816
17.900408
18.125714
18.380408
18.576327
18.786939
18.999184
19.219592
19.420408
19.65551
19.818776
20.034286
20.220408
20.409796
20.592653
20.790204
20.966531
21.133061
21.330612
21.513469
21.694694
21.882449
22.058776
22.230204
22.393469
22.576327
22.741224
22.924082
23.113469
23.294694
23.449796
23.617959
23.776327
23.952653
24.109388
24.279184
24.44898
24.625306
24.788571
24.971429
25.131429
25.306122
25.492245
26.037551
26.187755
26.378776
26.545306
26.718367
26.90449
27.435102
27.622857
27.849796
28.009796
28.217143
28.453878
28.863673
29.111837
29.322449
29.768163
30.013061
30.27102
30.786939
30.982857
31.284898
31.753469
33.102041
33.377959
33.616327
33.910204
34.631837
34.919184
35.077551
35.209796
35.364898
35.498776
35.756735
36.026122
36.893061
37.180408
37.344218
37.466122
37.598912
37.721905
37.995102
38.271565
38.531701
38.794014
39.096599
39.397007
39.644082
39.91619
40.21551
40.496327
41.392109
41.682721
41.985306
42.265034
42.624218
42.91483
43.92381
44.251429
45.179864
45.539048
46.53932
46.881088
47.845442
48.206803
49.286531
49.61415
50.06585
50.58068
