0.22
0.48
1.24
1.48
4.21
4.45
5.21
5.45
8.09
8.36
9.1
9.37
10.1
10.34
10.85
11.32
12.13
12.33
12.6
12.86
13.09
13.33
13.57
13.82
14.06
14.31
14.53
14.77
15.02
15.26
15.48
15.73
16.0
16.24
16.46
16.71
16.92
17.16
17.39
17.65
17.89
18.11
18.35
18.57
18.76
19.04
19.23
19.51
19.75
19.99
20.22
20.46
20.7
20.93
21.18
21.42
21.65
21.87
22.08
22.34
22.57
22.82
23.07
23.31
24.04
24.31
24.520272
24.79
26.04
26.26
26.493968
26.77
27.96
28.165805
28.93
29.117823
29.94
30.209161
30.94
31.21
31.47
31.73
32.47
32.75
32.972336
33.24
33.98
34.22
34.37
34.45551
34.57
34.71
34.938776
35.2
35.45
35.72
36.460408
36.74
36.99
37.244082
37.5
37.707755
38.46
38.726531
42.03
42.25
43.02
43.26
44.03
44.28
45.01
45.26
46.0
46.27
46.49
46.8
