0.23
0.49
1.24
1.51
4.21
4.48
5.22
5.48
8.1
8.37
9.11
9.42
10.08
10.34
10.81
11.31
12.1
12.36
12.6
12.84
13.11
13.33
13.58
13.77
14.05
14.24
14.55
14.78
14.97
15.26
15.51
15.75
15.99
16.24
16.47
16.7
16.95
17.17
17.43
17.65
17.9
18.14
18.38
18.61
18.84
19.03
19.31
19.56
19.78
20.0
20.26
20.49
20.72
20.96
21.19
21.46
21.67
21.87
22.12
22.35
22.58
22.8
23.05
23.33
24.06
24.29
24.543492
24.84
26.0
26.31
26.493968
26.8
27.94
28.142585
28.94
29.210703
29.96
30.278821
30.94
31.161179
33.52
33.75
34.49
34.74
35.015692
35.224671
37.97
38.25
38.96
39.26
39.99
40.24
40.53
40.73
41.75
42.77
43.77
44.74
45.78
46.94
