0.19
0.48
0.75
1.0
1.22
1.51
1.79
2.02
2.27
2.5
2.78
3.0
3.27
3.52
3.71
4.01
4.22
4.49
4.690431
4.95
5.17
5.44
5.74
5.95
6.23
6.45
6.72
6.94
7.15
7.4
7.65
7.94
8.16
8.42
8.637823
8.9
9.09
9.36
9.63
9.822041
10.09
10.3
10.6
10.83
10.97
11.103492
11.19
11.31
11.59
11.87
12.12
12.38
12.62
12.83
13.11
13.3
13.58
13.82
14.05
14.3
14.54
14.8
15.02
15.26
15.51
15.78
16.01
16.24
16.46
16.72
16.94
17.2
17.44
17.68
17.9
18.16
18.4
18.61
18.82
19.05
19.260952
19.5
19.77
19.99
20.2
20.44
20.77
20.94
21.18
21.43
21.65
21.89
22.1
22.37
22.51
22.623492
22.72
22.85
23.07
23.32
23.55
23.81
24.543492
24.82
25.1
25.3
25.52
25.79
26.52
26.76
27.07
27.24
27.49
27.79
28.312381
28.5
28.77
29.25
29.48
29.76
30.252698
30.5
30.76
31.268571
32.0
32.25
32.52
32.73
33.03
33.269841
35.96
36.25
36.38
36.469841
36.57
36.7
37.01
37.241905
37.5
37.78
38.04
38.24
38.49
38.74
39.02
39.24
39.49
39.75
40.48
40.72
41.0
41.22
41.488254
41.74
42.51
42.77
43.28
43.52
43.77
44.52
44.77
45.27746
45.51
45.78
46.55
46.81
48.386032
