0.18
0.45
1.24
1.53
2.25
2.52
2.77
3.01
3.274014
3.47
3.74
3.98
4.2
4.45
5.2
5.41
6.19
6.431927
6.67
6.942766
7.18
7.383946
7.64
7.87
8.13
8.32
9.12
9.36
10.11
10.31
10.82
11.3
12.09
12.35
12.61
12.84
13.09
13.31
13.56
13.8
14.06
14.28
14.54
14.77
14.96
15.25
15.51
15.74
15.97
16.22
16.45
16.7
16.92
17.18
17.4
17.65
17.88
18.11
18.32
18.6
18.85
19.07
19.26
19.53
19.76
19.99
20.24
20.47
20.66
20.93
21.14
21.38
21.58
21.83
22.12
22.31
22.57
22.83
23.06
23.3
23.55
23.81
24.520272
24.81
25.007891
25.28
25.53
25.81
26.401088
26.74
26.958367
27.24
27.48
27.74
28.2
28.45
28.71
29.23
29.49
29.74
30.255601
30.41
30.72
31.26
32.47
32.74
32.972336
33.25
33.96
34.21
34.366984
34.501224
34.605714
34.723265
34.98
35.21
35.95
36.225306
36.37
36.49
36.604082
36.7
37.028571
37.24
37.49
37.73
38.01
38.25
38.49
38.73
38.98
39.22
39.97
40.2
40.49
40.73
41.012245
41.24
41.998367
42.25
43.0
43.26
44.01
44.28
44.99
45.23
46.03
46.27
46.54
46.84
