0.371519
1.567347
2.542585
2.798005
4.649796
4.94585
5.241905
5.555374
5.845624
6.135873
6.426122
6.727982
7.024036
7.308481
7.684354
8.859864
9.814059
10.089796
11.70068
11.856689
11.987302
12.194104
12.379138
12.54966
12.720181
12.887075
13.046712
13.202721
13.387755
13.971882
14.410884
14.57415
14.889796
15.506576
16.101587
16.383492
16.665397
16.934603
17.257143
17.826032
18.374603
18.615873
18.79873
19.126349
19.395556
19.636825
20.165079
20.698413
21.12254
21.244444
22.006349
22.120635
22.245079
22.372063
22.486349
22.600635
22.725079
22.836825
22.953651
23.070476
23.210159
23.700317
24.033016
24.172698
24.848254
24.95746
25.053968
25.175873
25.295238
25.432381
25.544127
25.650794
25.76254
25.864127
25.983492
26.392381
26.839365
27.060317
27.545397
27.751111
27.972063
28.205714
28.431746
28.675556
28.868571
29.099683
29.300317
29.793016
29.988571
30.173968
30.425397
30.656508
30.841905
31.771429
32.134603
32.274286
32.744127
33.089524
33.231746
33.445079
33.714286
34.651429
34.890159
35.149206
35.375238
35.593651
35.840363
36.107029
36.353741
36.584127
37.052154
37.534694
38.095238
38.204082
38.363719
38.463492
38.57415
38.681179
38.793651
38.915193
39.053061
39.559184
39.974603
40.090703
40.409977
40.544218
40.671202
40.783673
40.894331
41.004989
41.115646
41.186395
41.511111
41.688889
42.044444
42.151474
42.430839
42.585034
42.701134
42.817234
42.938776
43.067574
43.201814
43.526531
44.059864
44.54966
45.112018
45.873923
46.233107
46.537868
46.895238
