0.312018
1.589116
2.496145
2.837188
5.822404
6.106848
6.41161
6.716372
6.997914
7.256236
7.648073
8.849705
9.761088
10.071655
12.373333
12.532971
12.69551
12.884172
13.046712
13.186032
13.360181
13.9639
14.416689
14.524082
14.921723
15.49932
16.024671
16.38458
16.669025
16.947664
17.243719
17.800998
18.366984
18.665941
18.909751
19.124535
19.35093
19.600544
20.204263
20.720907
21.202721
21.71356
21.96898
22.209887
22.462404
22.720726
22.961633
23.17932
23.684354
24.151655
24.682812
24.894694
25.126893
25.347483
25.550658
25.765442
25.939592
26.424308
26.848073
27.263129
27.518549
27.982948
28.244172
28.464762
28.679546
28.911746
29.126531
29.344218
29.553197
29.762177
29.988571
30.229478
30.426848
30.659048
30.902857
31.776508
32.177052
32.252517
32.708209
32.943311
33.195828
33.433832
33.735692
34.713832
34.948934
35.204354
35.424943
35.657143
35.85161
36.046077
36.321814
36.554014
37.053243
37.506032
38.140952
38.223673
38.334694
38.447891
38.569796
38.698231
38.804898
38.922449
39.07483
39.562449
39.945578
40.063129
41.171156
41.656599
42.026667
42.148571
42.390204
42.575238
42.701497
42.827755
42.930068
43.041088
43.16517
43.491701
43.996735
44.577959
45.122177
45.838367
46.171429
46.53932
46.922449
