0.163265
0.489796
1.560816
2.501224
2.782041
4.062041
4.388571
4.662857
4.969796
5.276735
5.590204
5.838367
6.125714
6.426122
6.726531
7.029841
7.334603
7.68
8.868571
9.793016
10.052063
11.240635
11.459048
11.636825
11.84
12.017778
12.215873
12.358095
12.520635
12.698413
12.886349
13.048889
13.206349
13.389206
13.968254
14.415238
14.593016
14.907937
15.512381
16.132063
16.426667
16.675556
16.96
17.240816
17.786122
18.292245
18.589388
19.167347
19.247347
19.351837
19.432381
19.550476
19.621587
19.692698
20.182857
20.72
21.141587
21.272381
21.728254
21.880635
22.00127
22.132063
22.256508
22.378413
22.499048
22.605714
22.726349
22.849524
22.96254
23.070476
23.20254
23.641905
23.991111
24.154921
24.595556
24.731429
24.848254
24.980317
25.079365
25.175873
25.288889
25.400635
25.513651
25.624127
25.723175
25.824762
25.969524
26.069841
26.413968
26.747937
26.857143
27.160635
27.553016
27.975873
28.23746
28.425397
28.685714
28.938413
29.389206
29.76381
30.013968
30.420317
30.488889
30.544762
30.651429
30.72381
30.816508
30.88254
31.340952
31.817143
32.153651
32.266667
32.740317
33.067937
33.19619
33.428571
33.701587
34.173968
34.298413
34.406349
34.505397
34.633651
34.991746
35.224127
35.420952
35.706667
35.907302
36.15746
36.377143
36.609524
37.04127
37.141587
37.317914
37.393197
37.45941
37.797732
37.971882
38.096145
38.211338
38.321995
38.447166
38.576871
38.685714
38.800907
38.917007
39.098413
39.591837
39.977324
40.097959
40.413605
40.557823
40.682993
40.811791
40.941497
41.047619
41.179138
41.66712
42.065306
42.206803
42.497959
42.626757
42.746485
42.868934
42.994104
43.097506
43.24263
43.512925
44.04898
44.579592
45.103855
45.833107
46.189569
46.507029
46.881633
