0.150567
0.475283
1.407710
1.692517
5.186757
5.546667
6.475465
6.806349
10.402540
10.747937
11.717370
12.022132
12.979955
13.278912
13.949388
14.515374
15.499320
15.789569
16.123356
16.401995
16.718367
17.101497
17.403356
17.716825
18.044807
18.366984
18.660136
18.950385
19.246440
19.542494
19.841451
20.125896
20.427755
20.706395
20.993741
21.275283
21.545215
21.803537
22.096689
22.357914
22.619138
22.857143
23.103855
23.333152
23.536327
23.814966
24.038458
24.273560
24.497052
24.714739
24.929524
25.132698
25.359093
25.579683
25.800272
25.988934
26.183401
26.383673
26.589751
26.810340
27.007710
27.207982
27.411156
27.591111
28.229660
28.441542
28.679546
28.862404
29.837642
30.008889
30.212063
30.415238
31.378866
31.567528
32.177052
32.388934
33.071020
33.277098
33.924354
34.144943
34.362630
34.615147
35.291429
35.558458
35.787755
36.014150
36.733968
37.003900
37.135238
37.263673
37.400816
37.535782
37.773061
37.990748
38.249796
38.530612
39.266395
39.534150
39.832381
40.069660
40.306939
40.574694
41.336599
41.593469
45.154830
45.407347
46.199728
46.476190
47.338231
47.629932
48.409252
48.759728
49.628299
49.943946
50.320544
50.751565
