0.075465
0.493424
1.358367
1.660227
5.178050
5.537959
6.449342
6.797642
10.402540
10.756644
11.708662
12.068571
12.950930
13.270204
13.891338
14.524082
15.516735
15.824399
16.108844
16.404898
16.700952
17.072472
17.397551
17.716825
18.024490
18.314739
18.657234
18.895238
19.243537
19.539592
19.835646
20.114286
20.404535
20.683175
20.979229
21.246259
21.524898
21.797732
22.082177
22.349206
22.616236
22.836825
23.092245
23.336054
23.556644
23.783039
24.021043
24.264853
24.491247
24.711837
24.949841
25.158821
25.344580
25.501315
25.756735
25.983129
26.174694
26.401088
26.639093
26.795828
27.004807
27.242812
27.434376
27.695601
28.241270
28.421224
28.641814
28.827574
29.814422
30.000181
30.249796
30.423946
31.422404
31.718458
32.206077
32.426667
33.007166
33.245170
33.906939
34.168163
36.257959
36.524989
37.215782
37.459592
37.773061
37.982041
40.814875
41.087710
41.813333
42.103583
42.927891
43.194921
43.467755
43.758005
44.878367
45.934875
47.061043
48.163991
49.284354
50.822676
