0.167619
0.461497
0.796735
1.062313
1.364898
1.697959
2.033197
2.285714
2.614422
2.971429
3.324082
3.598367
3.961905
4.255782
4.606259
4.869660
5.228844
5.535782
5.888435
6.182313
6.489252
6.798367
7.207619
7.497143
7.828027
8.152381
8.474558
8.811429
9.149388
9.443265
9.755102
10.089796
10.440816
10.757551
11.115102
11.410612
11.709388
12.032653
12.377143
12.675918
12.994286
13.288163
13.617959
13.888980
14.101224
14.231837
14.359184
14.507755
14.858776
15.190204
15.505306
15.835102
16.160000
16.468571
16.777143
17.067755
17.394286
17.719184
18.047347
18.334694
18.638367
18.940408
19.244082
19.541224
19.823673
20.143673
20.403265
20.697143
20.955102
21.245714
21.559184
21.826939
22.065306
22.334694
22.582857
22.839184
23.100408
23.340408
23.583673
23.808980
24.050612
24.272653
24.514286
24.733061
24.928980
25.126531
25.356735
25.588571
25.794286
26.004898
26.191020
26.400000
26.604082
26.804898
26.933878
27.036735
27.120000
27.208163
27.415510
27.622857
27.805714
28.055510
28.604082
28.813061
28.982857
29.231020
29.438367
29.642449
30.215510
30.411429
30.607347
30.809796
30.986122
31.200000
31.631020
31.841633
32.024490
32.406531
32.628571
32.845714
33.263673
33.484082
33.715918
34.195918
34.827755
35.082449
35.342041
35.567347
35.804082
36.027755
38.800000
39.061224
39.204898
39.322449
39.433469
39.524898
39.844898
40.050612
40.305306
40.566531
40.878367
41.057959
41.315918
41.565714
41.915102
42.122449
42.377143
42.679184
43.480816
43.738776
44.003265
44.290612
44.564898
44.847347
45.642449
45.931429
46.501224
46.759184
47.054694
47.890612
48.186122
48.728163
49.010612
49.333878
50.308571
50.708571
52.747755
