0.105215
0.453515
1.346032
1.690703
2.641270
2.964172
3.276190
3.624490
3.907483
4.168707
4.553288
4.879819
5.195465
5.532880
6.490703
6.813605
7.771429
8.159637
8.384580
8.732880
9.059410
9.406984
9.787937
10.102857
10.417778
10.742857
11.707937
12.005079
12.960000
13.302857
13.881905
14.534603
15.502222
15.824762
16.101587
16.411429
16.769524
17.071746
17.401905
17.721905
18.036825
18.336508
18.661587
18.925714
19.253333
19.542857
19.837460
20.109206
20.436825
20.716190
20.982857
21.254603
21.536508
21.805714
22.100317
22.344127
22.595556
22.834286
23.080635
23.321905
23.583492
23.814603
24.038095
24.256508
24.492698
24.718730
24.962540
25.173333
25.384127
25.564444
25.777778
25.996190
26.201905
26.405079
26.595556
26.808889
27.012063
27.207619
27.413333
27.619048
27.799365
28.012698
28.698413
28.835556
29.046349
29.226667
29.409524
29.635556
30.232381
30.387302
30.603175
30.786032
30.986667
31.194921
31.591111
31.786667
31.987302
32.388571
32.614603
32.866032
33.302857
33.511111
33.729524
34.217143
35.301587
35.550476
35.799365
36.030476
36.744127
37.000635
37.150476
37.280726
37.384127
37.492971
37.756009
37.999093
38.782766
39.045805
39.194558
39.319728
39.434014
39.568254
39.831293
40.045351
40.312018
40.551474
40.848980
41.081179
41.333333
41.567347
41.815873
42.086168
42.922449
43.201814
43.475737
43.753288
44.068934
44.313832
45.119274
45.411338
46.180499
46.476190
47.323356
47.602721
48.449887
48.731066
49.619955
49.939229
50.263946
50.719274
