0.182857
0.457143
1.240816
1.502041
4.275374
4.545306
5.276735
5.546667
8.263401
8.550748
9.317007
9.578231
10.335782
10.536054
11.058503
11.607075
12.371882
12.640363
12.908844
13.155556
13.387755
13.619955
13.859410
14.135147
14.381859
14.606803
14.868027
15.121995
15.375964
15.615420
15.854875
16.116100
16.391837
16.624036
16.870748
17.095692
17.349660
17.596372
17.857596
18.075283
18.351020
18.575964
18.800907
19.062132
19.287075
19.562812
19.802268
20.019955
20.281179
20.520635
20.774603
21.014059
21.239002
21.492971
21.725170
21.979138
22.196825
22.436281
22.675737
22.936961
23.183673
23.430385
23.684354
23.916553
24.707483
24.997732
25.251701
25.534694
26.717460
26.985941
27.203628
27.530159
28.712925
29.003175
29.736054
30.033560
30.802721
31.071202
31.869388
32.116100
32.428118
32.696599
33.400454
33.719728
34.009977
34.220408
34.982313
35.250794
35.413333
35.546848
35.648435
35.793560
36.040272
36.289887
36.571429
36.870385
37.659864
37.942857
38.223673
38.471837
38.726531
38.968889
39.732245
39.987664
43.421315
43.673832
44.416871
44.692608
45.450159
45.720091
46.468934
46.730159
47.522540
47.775057
48.033379
48.343946
