0.169796
0.535510
1.253878
1.515102
4.264490
4.532245
5.270204
5.557551
8.261224
8.555102
9.266939
9.586939
10.298776
10.579592
11.102041
11.598367
12.336327
12.610612
12.897959
13.133061
13.407347
13.642449
13.844898
14.093061
14.400000
14.608980
14.889796
15.151020
15.366531
15.608163
15.895510
16.143673
16.391837
16.633469
16.881633
17.116735
17.364898
17.600000
17.867755
18.063673
18.324898
18.573061
18.853878
19.075918
19.304490
19.565714
19.813878
20.055510
20.303673
20.545306
20.786939
21.008980
21.257143
21.459592
21.753469
21.975510
22.217143
22.471837
22.726531
22.961633
23.209796
23.451429
23.693061
24.013061
24.718367
24.979592
25.222676
25.521633
26.742857
26.981587
27.225397
27.538866
28.775329
29.077188
29.727347
30.029206
30.766440
31.068299
31.828753
32.148027
34.440998
34.725442
35.514921
35.764535
36.078005
36.304399
39.206893
39.497143
40.257596
40.547846
41.250249
41.476644
41.766893
42.068753
43.119456
44.181769
45.197642
46.201905
47.264218
48.372971
