0.156735
0.470204
0.748844
1.036190
1.262585
1.532517
1.837279
2.037551
2.246531
2.481633
2.751565
3.038912
3.247891
3.500408
3.796463
4.014150
4.249252
4.510476
4.762993
5.067755
5.241905
5.529252
5.825306
6.086531
6.330340
6.643810
6.835374
7.070476
7.340408
7.601633
7.793197
8.080544
8.324354
8.568163
8.855510
9.064490
9.282177
9.525986
9.787211
10.039728
10.318367
10.536054
10.823401
11.102041
11.237007
11.367619
11.485170
11.589660
11.868299
12.116463
12.364626
12.625850
12.878367
13.130884
13.374694
13.618503
13.897143
14.123537
14.402177
14.628571
14.854966
15.142313
15.342585
15.621224
15.847619
16.143673
16.343946
16.613878
16.848980
17.101497
17.354014
17.597823
17.859048
18.085442
18.337959
18.564354
18.825578
19.060680
19.295782
19.487347
19.783401
20.001088
20.210068
20.471293
20.758639
21.011156
21.228844
21.472653
21.707755
21.951565
22.230204
22.482721
22.700408
22.935510
23.089342
23.241723
23.321542
23.459410
23.669841
23.960091
24.185034
24.439002
25.222676
25.483900
25.737868
25.977324
26.209524
26.499773
27.167347
27.428571
27.718821
27.936508
28.212245
28.495238
29.017687
29.257143
29.511111
30.040816
30.284626
30.554558
31.120544
31.338231
31.599456
32.095782
32.896871
33.219048
33.436735
33.689252
33.959184
34.237823
37.120000
37.398639
37.583673
37.699773
37.819501
37.928345
38.207710
38.450794
38.715646
38.984127
39.223583
39.441270
39.727891
39.996372
40.279365
40.487619
40.741587
41.071746
41.793016
42.062222
42.311111
42.620952
42.880000
43.174603
43.916190
44.200635
44.702041
44.959637
45.228118
45.946485
46.229478
46.730159
47.020408
47.270748
48.054422
48.319274
50.213152
