0.174150
0.446984
1.224853
1.503492
2.260317
2.519365
2.793651
3.032381
3.286349
3.525079
3.748571
4.017778
4.297143
4.556190
5.307937
5.541587
6.328889
6.577778
6.816508
7.090794
7.314286
7.568254
7.796825
8.050794
8.284444
8.553651
9.300317
9.544127
10.300952
10.544762
11.057778
11.575873
12.353016
12.606984
12.881270
13.140317
13.368889
13.617778
13.871746
14.110476
14.364444
14.618413
14.877460
15.090794
15.365079
15.613968
15.883175
16.126984
16.375873
16.599365
16.838095
17.097143
17.340952
17.600000
17.838730
18.087619
18.346667
18.580317
18.854603
19.083175
19.306667
19.540317
19.779048
20.027937
20.292063
20.525714
20.784762
20.998095
21.226667
21.455238
21.729524
21.947937
22.196825
22.466032
22.694603
22.948571
23.192381
23.451429
23.685079
23.954286
24.193016
24.462222
25.203810
25.465034
25.711746
25.975873
26.234921
26.483810
27.164444
27.484444
27.733333
27.966984
28.210794
28.474921
28.998095
29.277460
29.536508
30.044444
30.288254
30.562540
31.136508
31.360000
31.603810
32.147302
33.391746
33.676190
33.980952
34.209524
34.986667
35.240635
35.377778
35.489524
35.636825
35.758730
36.017778
36.276825
37.150476
37.399365
37.556825
37.658413
37.760000
37.927619
38.171429
38.410159
38.679365
38.933333
39.212698
39.466667
39.720635
39.979683
40.279365
40.553651
41.320635
41.564444
41.828571
42.067302
42.366984
42.600635
43.382857
43.652063
44.408889
44.667937
45.434921
45.744762
46.491429
46.740317
47.553016
47.781587
48.045714
48.335238
