0.23
0.47
1.22
1.46
4.12
4.37
5.11
5.37
8.0
8.29
9.06
9.3
9.99
10.24
10.72
11.24
12.04
12.29
12.54
12.77
12.99
13.24
13.47
13.71
13.95
14.2
14.43
14.66
14.91
15.14
15.38
15.62
15.836009
16.09
16.34
16.57
16.79
17.04
17.27
17.51
17.75
17.98
18.2
18.46
18.68
18.92
19.16
19.39
19.61
19.86
20.09
20.31
20.54
20.8
21.0
21.28
21.51
21.75
21.96
22.21
22.45
22.7
22.94
23.18
23.96
24.19
24.380952
24.69
25.88
26.11
26.331429
26.62
27.79
27.956825
28.77
28.978503
29.74
29.953741
30.75
30.97542
31.24
31.52
32.25
32.51
32.763356
33.01
33.74
33.98
34.13
34.246531
34.36
34.49
34.742857
34.98
35.23
35.5
36.231837
36.49
36.728163
36.97
37.22
37.485714
38.19
38.478367
41.71
41.96
42.72
42.96
43.71
43.98
44.74
44.98
45.7
45.98
46.21
46.54
