0.21
0.49
1.22
1.51
4.15
4.4
5.11
5.38
8.03
8.29
8.99
9.28
9.99
10.25
10.74
11.24
11.99
12.27
12.52
12.75
13.0
13.23
13.49
13.72
13.96
14.15
14.45
14.67
14.92
15.16
15.4
15.627029
15.88
16.11
16.35
16.57
16.77
17.04
17.29
17.49
17.75
17.99
18.25
18.48
18.69
18.9
19.19
19.41
19.64
19.86
20.11
20.33
20.57
20.78
21.03
21.27
21.51
21.73
21.96
22.21
22.45
22.68
22.94
23.2
23.91
24.16
24.41
24.7
25.83
26.07
26.308209
26.58
27.78
28.08
28.76
29.048163
29.75
30.000181
30.72
31.068299
33.24
33.52
34.24
34.47
34.713832
34.992472
37.68
37.96
38.7
38.963084
39.67
39.94
40.15
40.42
41.44
42.46
43.45
44.48
45.49
46.52
