0.25
0.53
0.743039
0.99
1.23
1.49
1.74
1.98
2.22
2.49
2.73
3.01
3.2
3.43
3.72
3.94
4.16
4.42
4.65
4.87
5.09
5.36
5.62
5.82
6.12
6.34
6.63
6.85
7.06
7.3
7.58
7.85
8.07
8.31
8.59
8.81
9.0
9.25
9.51
9.729161
10.03
10.23
10.51
10.73
10.9
11.032381
11.12
11.24
11.55
11.75
12.04
12.28
12.54
12.78
13.0
13.28
13.49
13.72
13.96
14.21
14.43
14.64
14.93
15.17
15.39
15.63
15.88
16.11
16.34
16.55
16.79
17.05
17.28
17.52
17.74
17.99
18.23
18.45
18.68
18.92
19.14
19.38
19.64
19.87
20.1
20.33
20.58
20.8
21.03
21.27
21.51
21.74
21.98
22.23
22.369524
22.48127
22.57
22.69
22.94
23.17
23.41
23.71
24.421587
24.67
24.98
25.17
25.39
25.66
26.311111
26.58
26.86
27.08
27.33
27.57
28.088889
28.32
28.58
29.04
29.26
29.54
29.99873
30.26
30.52
31.014603
31.76
32.01
32.26
32.49
32.68
32.995556
35.7
35.95
36.12
36.246349
36.346485
36.43
36.71
36.919728
37.17
37.48
37.72
37.97
38.2
38.51
38.73
38.95
39.183673
39.47
40.18
40.42
40.69
40.932426
41.19
41.48
42.267574
42.48
43.0
43.23
43.47
44.18
44.42
44.995918
45.22
45.48
46.26
46.54
48.377324
