0.18
0.45
1.22
1.5
2.21
2.46
2.73
2.93
3.157914
3.42
3.68
3.91
4.12
4.38
5.11
5.38
6.12
6.339048
6.57
6.803447
7.06
7.314286
7.57
7.8
8.04
8.29
9.03
9.35
10.02
10.21
10.8
11.22
12.0
12.26
12.49
12.75
12.98
13.23
13.5
13.73
13.96
14.2
14.44
14.68
14.89
15.14
15.39
15.61
15.84
16.1
16.3
16.56
16.8
17.03
17.28
17.51
17.73
17.98
18.18
18.45
18.68
18.91
19.14
19.35
19.63
19.86
20.1
20.35
20.57
20.81
21.02
21.27
21.47
21.76
22.0
22.19
22.48
22.7
22.94
23.17
23.43
23.68
24.450612
24.68
24.891791
25.14
25.38
25.65
26.401088
26.63
26.819048
27.08
27.32
27.6
28.08
28.31
28.59
29.01
29.27
29.52
30.046621
30.28
30.48
30.97542
32.24
32.51
32.74
33.02
33.75
33.97
34.115918
34.22
34.33
34.49
34.74
35.0
35.76
35.97932
36.13
36.249252
36.345034
36.440816
36.710748
36.97
37.21
37.45
37.7
37.95
38.2
38.43
38.66
38.92
39.68
39.89
40.21
40.46
40.655238
40.95
41.72
41.97
42.7
42.910476
43.7
43.97
44.7
44.91
45.71
45.97
46.23
46.54
