0.170159
0.741587
0.886349
1.320635
1.721905
2.758095
2.96127
3.113651
3.326984
3.499683
3.641905
3.850159
4.72381
4.929524
5.107302
5.320635
6.067302
6.763175
7.433651
8.099048
8.772063
9.386667
9.711746
10.044444
10.344127
10.659048
12.566349
13.04381
13.19619
13.52127
13.813333
14.750476
14.928254
15.078095
15.205079
15.377778
15.509841
15.669841
15.992381
16.124444
16.259048
16.40381
16.576508
16.700952
16.838095
17.457778
18.029206
18.303492
18.613333
18.88254
19.177143
20.782222
21.20381
21.376508
21.645714
21.973333
22.697143
22.821587
22.946032
23.098413
23.210159
23.332063
23.489524
24.187937
24.314921
24.424127
24.507937
25.102222
25.605079
26.130794
26.628571
27.141587
27.611429
27.880635
28.111746
28.358095
28.591746
30.087619
30.440635
30.549841
30.821587
31.075556
31.817143
31.91873
32.030476
32.149841
32.259048
32.378413
32.497778
32.72127
32.845714
32.96254
33.069206
33.19619
33.292698
33.406984
33.879365
34.346667
34.605714
34.813968
35.050159
35.27873
36.645079
37.000635
37.155556
37.409524
37.658413
38.341587
38.466032
38.575238
38.697143
38.79873
38.928254
39.047619
39.547937
39.766349
40.045714
40.510476
41.673651
41.92
42.412698
43.149206
43.28127
43.403175
43.512381
43.646984
43.743492
43.860317
43.984762
44.111746
44.23873
44.406349
44.551111
44.688254
44.838095
45.013333
45.569524
46.054603
46.181587
46.473651
46.763175
47.583492
47.746032
47.898413
48.035556
48.172698
48.307302
48.454603
48.746667
49.015873
49.27746
49.572063
50.146032
51.243175
51.799365
