3.136508
3.68254
3.867937
4.253968
4.617868
5.691791
5.845624
6.019773
6.23746
6.38839
6.536417
6.751202
7.105306
7.72644
8.092154
8.472381
9.049977
9.395374
9.732063
10.025215
10.33288
10.663764
11.302313
11.807347
11.964082
12.274649
12.599728
13.525624
13.670748
13.82458
14.016145
14.135147
14.297687
14.454422
14.811429
14.913016
15.092971
15.223583
15.365805
15.479002
15.621224
15.986939
16.120454
16.280091
16.433923
16.564535
16.677732
16.834467
17.037642
17.159546
17.719728
18.02449
18.189932
18.311837
18.927166
19.205805
19.475737
19.748571
20.021406
20.32907
22.979048
23.353469
23.507302
23.759819
24.035556
24.813424
24.923719
25.042721
25.155918
25.327166
25.43746
25.591293
25.887347
26.380771
26.63619
26.917732
27.382132
27.631746
27.90458
28.128073
28.38059
28.604082
29.100408
29.49805
29.61415
29.884082
30.139501
30.818685
30.931882
31.050884
31.207619
31.317914
31.431111
31.538503
31.793923
31.89551
32.031927
32.165442
32.278639
32.371519
32.470204
32.725624
32.847528
32.940408
33.073923
33.192925
33.294512
33.404807
33.555737
33.671837
34.115918
34.371338
34.504853
34.589025
35.009887
35.282721
35.506213
35.726803
35.97932
36.223129
37.610522
37.987846
38.098141
38.347755
38.559637
39.314286
39.415873
39.537778
39.659683
39.781587
39.86576
39.984762
40.483991
40.742313
40.965805
41.456327
42.614422
42.901769
43.908934
44.437188
44.826122
44.956735
45.287619
45.598186
46.474739
46.614059
46.762086
46.939138
47.087166
47.182948
47.32517
47.618322
47.888254
48.166893
48.462948
49.295964
49.577506
49.86195
50.416327
50.709478
51.00263
51.501859
51.803719
52.154921
52.465488
52.781859
53.237551
