0.214785
0.435374
1.102948
1.30322
3.74712
3.973515
4.632381
4.812336
7.299773
7.51746
8.214059
8.440454
9.105125
9.319909
9.758186
10.210975
10.864036
11.073016
11.319728
11.525805
11.734785
11.943764
12.167256
12.361723
12.5678
12.773878
13.003175
13.206349
13.444354
13.653333
13.876825
14.100317
14.320907
14.529887
14.747574
14.944943
15.165533
15.37161
15.5922
15.798277
16.021769
16.230748
16.44263
16.657415
16.863492
17.063764
17.249524
17.496236
17.728435
17.934512
18.143492
18.349569
18.564354
18.764626
18.985215
19.185488
19.406077
19.626667
19.824036
20.041723
20.276825
20.477098
20.651247
20.924082
21.635193
21.86449
22.079274
22.320181
23.336054
23.559546
23.803356
24.035556
25.100771
25.295238
25.927982
26.160181
26.827755
27.048345
27.715918
27.933605
28.191927
28.427029
29.053968
29.27746
29.492245
29.698322
30.386213
30.577778
30.672653
30.811429
30.894694
31.048163
31.2
31.456327
31.686531
31.910204
32.563265
32.788571
33.026939
33.226122
33.44
33.670204
34.292245
34.524082
37.369796
37.588571
38.274286
38.470204
39.087347
39.294694
39.954286
40.181224
40.862041
41.113469
41.369796
41.666939
