0.217687
0.46585
1.084082
1.332245
3.726803
3.97932
4.610612
4.850068
7.270748
7.518912
8.189388
8.450612
9.094966
9.321361
9.778503
10.209524
10.888707
11.128163
11.324082
11.537415
11.711565
11.977143
12.177415
12.395102
12.595374
12.791293
13.035102
13.239728
13.461769
13.670748
13.901497
14.136599
14.354286
14.550204
14.750476
14.950748
15.155374
15.39483
15.599456
15.821497
16.0
16.217687
16.422313
16.653061
16.866395
17.079728
17.28
17.510748
17.728435
17.950476
18.168163
18.359728
18.59483
18.76898
19.008435
19.221769
19.430748
19.644082
19.861769
20.075102
20.284082
20.497415
20.72381
20.971973
21.646803
21.86449
22.086531
22.304218
23.357823
23.584218
23.801905
24.019592
25.042721
25.395374
25.926531
26.196463
26.819048
27.05415
27.715918
27.91619
29.910204
30.132245
30.854966
31.072653
31.312109
31.529796
33.859048
34.115918
34.725442
34.964898
35.626667
35.84
36.044626
36.262313
37.159184
38.021224
38.852789
39.740952
40.620408
41.643537
