0.192653
0.416327
0.684082
0.891429
1.082449
1.324082
1.518367
1.755102
1.957551
2.19102
2.432653
2.605714
2.840816
3.06449
3.288163
3.516735
3.742041
3.960816
4.173061
4.398367
4.592653
4.829388
5.090612
5.283265
5.502041
5.717914
5.945578
6.199546
6.409977
6.64127
6.864399
7.114739
7.314286
7.546485
7.802268
8.019048
8.211338
8.434467
8.664853
8.88381
9.097506
9.323356
9.521995
9.736961
9.863946
9.989116
10.066213
10.176871
10.429025
10.649433
10.893424
11.10839
11.338776
11.562812
11.744218
11.979138
12.176871
12.408163
12.610431
12.839909
13.043084
13.263492
13.455782
13.668934
13.87483
14.102494
14.314739
14.510658
14.747392
14.966893
15.195465
15.396825
15.60907
15.800454
16.00907
16.243084
16.458957
16.664853
16.85805
17.073923
17.268934
17.492971
17.730612
17.954649
18.151474
18.371882
18.570522
18.780952
18.996825
19.211791
19.414966
19.618141
19.844898
20.065306
20.194104
20.32907
20.409615
20.519184
20.729615
20.938594
21.159909
21.435646
22.073469
22.297687
22.513923
22.730159
22.915918
23.150295
23.809161
24.005079
24.203175
24.423039
24.635646
24.866395
25.335873
25.557188
25.759637
26.179048
26.380045
26.611519
27.028753
27.274739
27.497506
27.943039
28.627302
28.828118
29.043991
29.25805
29.491156
29.713379
32.152381
32.360998
32.496508
32.598095
32.693968
32.778413
33.060952
33.219048
33.432381
33.659048
33.87873
34.066667
34.296508
34.506667
34.76254
34.947937
35.161905
35.40254
36.065397
36.271111
36.484444
36.737778
36.925079
37.166984
37.830476
38.047619
38.446984
38.680635
38.895238
39.56
39.786667
40.191111
40.400635
40.64
41.384762
41.668571
42.932063
