0.166893
0.41542
1.130159
1.336961
1.999093
2.218594
2.419955
2.673923
2.844444
3.073016
3.292517
3.513832
3.747846
3.967347
4.613152
4.847166
5.507483
5.739683
5.955556
6.191383
6.416327
6.663039
6.862585
7.089342
7.288889
7.522902
8.195918
8.42449
9.082993
9.302494
9.750567
10.187755
10.907937
11.111111
11.32517
11.537415
11.756916
11.954649
12.168707
12.391837
12.600454
12.810884
13.035828
13.239002
13.449433
13.663492
13.895692
14.10068
14.32381
14.501587
14.751927
14.962358
15.167347
15.385034
15.595465
15.813152
16.007256
16.226757
16.453515
16.654875
16.881633
17.10839
17.307937
17.521995
17.73424
17.953741
18.176871
18.378231
18.575964
18.799093
19.005896
19.212698
19.415873
19.635374
19.854875
20.054422
20.277551
20.493424
20.711111
20.932426
21.146485
21.447619
22.109751
22.285714
22.510658
22.719274
22.927891
23.176417
23.81678
23.985488
24.212245
24.380952
24.631293
24.859864
25.324263
25.534694
25.726984
26.156916
26.392744
26.617687
27.058503
27.245351
27.495692
27.943764
29.04127
29.253515
29.482086
29.696145
30.345578
30.563265
30.690249
30.771882
30.884354
30.995011
31.263492
31.464853
32.128798
32.360998
32.487619
32.579048
32.687891
32.802177
33.030748
33.207075
33.435646
33.642449
33.897143
34.088707
34.298776
34.515374
34.718912
34.967075
35.607075
35.850884
36.05551
36.252517
36.503946
36.703129
37.371429
37.604354
38.247619
38.471837
39.139048
39.350204
39.990204
40.214422
40.882721
41.122177
41.365986
41.658776
