0.161088
0.518095
1.445442
1.737143
5.224490
5.555374
6.504490
6.804898
10.266122
10.588299
10.871293
11.541769
11.863946
12.752109
13.065578
13.731701
14.328163
15.320816
15.621224
15.908571
16.222041
16.522449
16.827211
17.101497
17.414966
17.684898
17.994014
18.272653
18.546939
18.847347
19.134694
19.413333
19.757279
20.070748
20.375510
20.688980
21.006803
21.268027
21.577143
21.847075
22.164898
22.456599
22.739592
23.013878
23.318639
23.575510
23.880272
24.124082
24.450612
24.733605
24.986122
25.242993
25.512925
25.748027
26.000544
26.235646
26.448980
26.657959
26.875646
27.084626
27.271837
27.489524
27.698503
27.911837
28.107755
28.699864
28.878367
29.135238
29.296327
30.254150
30.437007
30.676463
30.859320
31.799728
31.969524
32.579048
32.774966
33.393197
33.597823
34.150748
34.329252
34.555646
34.760272
35.395918
35.604898
35.822585
36.031565
36.719456
36.854422
36.971973
37.105488
37.183855
37.302857
37.506032
37.717914
37.932698
38.179410
38.829569
39.058866
39.253333
39.453605
39.703220
39.938322
40.620408
40.858413
44.680998
45.008980
45.818776
46.152562
47.026213
47.374512
48.230748
48.541315
49.426576
49.766168
50.105760
50.645624
