0.106667
0.518095
1.417143
1.742222
5.236825
5.572063
6.501587
6.821587
10.290794
10.605714
11.535238
11.875556
12.784762
13.104762
13.709206
14.344127
15.304127
15.624127
15.933968
16.248889
16.518095
16.833016
17.122540
17.422222
17.696508
17.991111
18.285714
18.575238
18.854603
19.159365
19.438730
19.768889
20.068571
20.368254
20.693333
20.998095
21.262222
21.566984
21.871746
22.151111
22.435556
22.709841
23.024762
23.314286
23.613968
23.888254
24.182857
24.446984
24.751746
24.995556
25.264762
25.498413
25.767619
25.996190
26.255238
26.468571
26.661587
26.895238
27.103492
27.296508
27.489524
27.728254
27.926349
28.124444
28.525714
28.678095
28.886349
29.125079
29.292698
30.059683
30.237460
30.415238
30.638730
30.836825
31.761270
31.954286
32.553651
32.782222
33.366349
33.610159
34.148571
34.382222
36.480000
37.114921
37.348571
37.612698
37.719365
40.152381
40.396190
41.122540
41.376508
42.229841
42.544762
42.839365
43.179683
44.307302
45.526349
46.699683
47.878095
49.056508
50.539683
