0.158186
0.462948
0.825760
1.105850
1.396100
1.719728
2.060771
2.362630
2.679002
3.049070
3.385760
3.671655
4.006893
4.279728
4.626576
4.951655
5.249161
5.529252
5.897868
6.183764
6.472562
6.784580
7.156100
7.418776
7.775782
8.103764
8.407075
8.729252
9.036916
9.325714
9.627574
9.968617
10.251610
10.628934
10.959819
11.247166
11.533061
11.872653
12.180317
12.472018
12.775329
13.081542
13.410975
13.704127
13.888435
14.059683
14.164172
14.328163
14.670658
14.985578
15.323719
15.628481
15.944853
16.249615
16.539864
16.844626
17.165351
17.449796
17.734240
18.020136
18.313288
18.618050
18.908299
19.218866
19.481542
19.783401
20.075102
20.392925
20.697687
20.983583
21.292698
21.596009
21.880454
22.161995
22.471111
22.764263
23.037098
23.314286
23.574059
23.871565
24.163265
24.407075
24.682812
24.973061
25.261859
25.507120
25.740771
25.987483
26.215329
26.433016
26.649252
26.861134
27.068662
27.273288
27.409705
27.517098
27.592562
27.689796
27.894422
28.084535
28.290612
28.509751
29.106213
29.284717
29.440000
29.666395
29.833651
30.052063
30.589206
30.802540
30.985397
31.208889
31.365079
31.575873
31.959365
32.157460
32.356825
32.745397
32.948571
33.166984
33.532698
33.767619
33.977143
34.346667
34.996825
35.200000
35.461587
35.640635
35.867937
36.049524
38.411429
38.633651
38.780952
38.886349
38.961270
39.041270
39.297052
39.494785
39.731519
39.970068
40.219501
40.443537
40.673016
40.897959
41.180045
41.392290
41.658050
41.967166
42.836463
43.104943
43.441633
43.718821
44.032290
44.368980
45.213605
45.514014
46.110476
46.381859
46.699683
47.592200
47.910023
48.505034
48.766259
49.114558
50.120272
50.594830
52.298594
