0.106667
0.472381
1.421497
1.730612
2.697143
3.008435
3.317551
3.659320
3.951020
4.281905
4.612789
4.906667
5.239728
5.559728
6.482721
6.783129
7.756190
8.076190
8.341769
8.685714
8.992653
9.306122
9.652245
9.957007
10.266122
10.577415
11.528707
11.844354
12.747755
13.072109
13.709932
14.356463
15.288163
15.599456
15.928163
16.200272
16.520272
16.818503
17.121088
17.397551
17.717551
17.974422
18.287891
18.560000
18.862585
19.154286
19.474286
19.765986
20.077279
20.395102
20.688980
20.980680
21.276735
21.568435
21.864490
22.167075
22.445714
22.735238
23.024762
23.318639
23.621224
23.873741
24.171973
24.454966
24.764082
25.018776
25.264762
25.523810
25.780680
26.002721
26.242177
26.444626
26.651429
26.877823
27.080272
27.274014
27.493878
27.681088
27.911837
28.101224
28.305850
28.497415
29.115646
29.283265
29.490068
29.692517
29.866667
30.077823
30.663401
30.813605
31.024762
31.222857
31.410068
31.603810
31.976054
32.198095
32.380952
32.809796
32.997007
33.182041
33.571701
33.750204
33.957007
34.320544
35.402449
35.604898
35.837823
36.040272
36.680272
36.882721
36.997732
37.089524
37.194014
37.273832
37.527438
37.761451
38.405442
38.614059
38.720726
38.838277
38.928254
39.066122
39.318639
39.520363
39.746757
39.964444
40.196644
40.399819
40.642177
40.880181
41.100771
41.369252
42.248707
42.527347
42.817596
43.120907
43.383583
43.753651
44.669388
44.963991
45.808617
46.111927
47.027664
47.335329
48.204626
48.500680
49.413515
49.735692
50.150748
50.628209
