0.16254
0.400544
1.068118
1.277098
3.668753
3.900952
4.551111
4.748481
7.128526
7.366531
8.016689
8.237279
8.875828
9.108027
9.543401
9.955556
10.669569
10.907574
11.116553
11.342948
11.551927
11.778322
11.993107
12.190476
12.399456
12.596825
12.83483
13.02059
13.235374
13.444354
13.664943
13.856508
14.094512
14.320907
14.529887
14.733061
14.936236
15.156825
15.36
15.539955
15.783764
15.986939
16.201723
16.410703
16.613878
16.817052
17.014422
17.252426
17.478821
17.6878
17.90839
18.10576
18.332154
18.529524
18.732698
18.941678
19.156463
19.359637
19.574422
19.795011
20.027211
20.241995
20.474195
20.70059
21.385578
21.600363
21.855782
22.053152
23.09805
23.336054
23.562449
23.783039
24.862766
25.060136
25.710295
25.930884
26.575238
26.813243
27.451791
27.718821
27.9278
28.17161
28.815964
29.042358
29.286168
29.489342
30.140952
30.328889
30.455873
30.577778
30.699683
30.811429
31.024762
31.238095
31.471746
31.68
32.355556
32.599365
32.838095
33.026032
33.229206
33.462857
34.107937
34.331429
37.155556
37.384127
38.024127
38.252698
38.928254
39.151746
39.822222
40.020317
40.695873
40.96
41.244444
41.533968
