0.137143
0.380952
1.04127
1.28
3.67746
3.895873
4.55619
4.774603
7.11619
7.36
8.035556
8.274286
8.899048
9.127619
9.554286
9.991111
10.681905
10.910476
11.12381
11.332063
11.514921
11.773968
11.992381
12.180317
12.408889
12.622222
12.835556
13.048889
13.241905
13.44
13.67873
13.932698
14.166349
14.369524
14.593016
14.780952
14.96381
15.168435
15.386122
15.608163
15.804082
16.008707
16.191565
16.435374
16.626939
16.835918
17.057959
17.293061
17.502041
17.706667
17.928707
18.133333
18.364082
18.603537
18.764626
18.982313
19.191293
19.387211
19.59619
19.822585
20.035918
20.231837
20.453878
20.706395
21.376871
21.607619
21.842721
22.025578
23.092245
23.329524
23.558095
23.746032
24.817778
25.076825
25.671111
25.935238
26.565079
26.773333
27.448889
27.707937
29.673651
29.947937
30.613333
30.831746
31.085714
31.319365
33.645714
33.909841
34.534603
34.737778
35.403175
35.626667
35.829841
36.088889
36.967619
37.84127
38.735238
39.588571
40.446984
41.533968
