0.170522
0.373696
0.620408
0.838095
1.030385
1.280726
1.527438
1.726984
1.941043
2.180499
2.376417
2.568707
2.790023
3.033107
3.239909
3.4322
3.689796
3.896599
4.110658
4.342857
4.513379
4.749206
4.99229
5.180952
5.409524
5.623583
5.844898
6.073469
6.276644
6.479819
6.686621
6.918821
7.129252
7.368707
7.600907
7.818594
8.021769
8.257596
8.497052
8.671202
8.878005
9.110204
9.302494
9.527438
9.663673
9.782857
9.884082
10.004898
10.262857
10.48
10.693878
10.964898
11.152653
11.386122
11.585306
11.776508
11.99746
12.218413
12.429206
12.63746
12.822857
13.033651
13.229206
13.457778
13.686349
13.899683
14.115556
14.31873
14.534603
14.750476
14.96381
15.177143
15.385397
15.608889
15.791746
16.007619
16.220952
16.441905
16.665397
16.850794
17.079365
17.285079
17.51619
17.711746
17.912381
18.133333
18.313651
18.539683
18.765714
18.96381
19.161905
19.367619
19.570794
19.806984
19.911111
20.036281
20.159637
20.257596
20.466213
20.687528
20.906667
21.165714
21.820952
22.041905
22.257778
22.486349
22.694603
22.933333
23.540317
23.753651
23.977143
24.180317
24.39873
24.64254
25.107302
25.295238
25.51873
25.945397
26.16127
26.392381
26.765714
27.052698
27.296508
27.725714
28.411429
28.617143
28.853333
29.069206
29.292698
29.51873
31.926349
32.152381
32.284444
32.398367
32.520272
32.642177
32.798912
32.999184
33.221224
33.438912
33.671837
33.876463
34.087619
34.324898
34.575238
34.74068
34.973605
35.217415
35.831293
36.053333
36.257959
36.510476
36.710748
36.966168
37.607619
37.836916
38.278095
38.484172
38.713469
39.354921
39.581315
40.002177
40.219864
40.489796
41.241542
41.520181
42.924989
47.087166
