0.170522
0.417234
1.073923
1.284354
1.941043
2.151474
2.365533
2.623129
2.844444
3.029478
3.243537
3.472109
3.678912
3.896599
4.531519
4.752834
5.405896
5.663492
5.85941
6.087982
6.2839
6.505215
6.686621
6.929705
7.143764
7.368707
8.014512
8.224943
8.885261
9.102948
9.527438
9.995465
10.692063
10.906122
11.138322
11.348753
11.559184
11.769615
11.980045
12.201361
12.41542
12.62585
12.818141
13.043084
13.239002
13.460317
13.674376
13.913832
14.113379
14.352834
14.552381
14.76644
14.976871
15.194558
15.390476
15.604535
15.804082
16.003628
16.195918
16.435374
16.660317
16.888889
17.066667
17.277098
17.498413
17.712472
17.930159
18.14059
18.347392
18.532426
18.750113
18.956916
19.163719
19.403175
19.617234
19.838549
20.04898
20.273923
20.480726
20.702041
20.945125
21.177324
21.85941
22.044444
22.262132
22.479819
22.704762
22.936961
23.590023
23.782313
24.007256
24.181406
24.395465
24.642177
25.135601
25.295238
25.516553
25.922902
26.133333
26.380045
26.844444
27.02585
27.279819
27.75873
28.832653
29.053968
29.275283
29.489342
30.160544
30.381859
30.507755
30.633469
30.752653
30.899592
31.051429
31.299592
31.910204
32.146939
32.259592
32.352653
32.457143
32.587755
32.842449
33.013878
33.244082
33.453061
33.682721
33.887347
34.111565
34.320544
34.522993
34.777687
35.439456
35.689796
35.883537
36.09034
36.281905
36.532245
37.213605
37.44
38.029932
38.258503
38.933333
39.166259
39.797551
40.041361
40.724898
40.946939
41.199456
41.571701
