0.15
0.4
1.12
1.32
3.77
4.01
4.67
4.88
7.36
7.59
8.27
8.5
9.18
9.38
9.84
10.4
11.0
11.22
11.43
11.65
11.86
12.08
12.3
12.54
12.73
12.95
13.16
13.36
13.59
13.8
14.02
14.23
14.47
14.68
14.88
15.06
15.3
15.5
15.72
15.93
16.1
16.36
16.57
16.79
17.0
17.21
17.38
17.63
17.86
18.08
18.28
18.49
18.67
18.92
19.13
19.3
19.55
19.76
19.96
20.17
20.35
20.6
20.84
21.05
21.76
21.98
22.221497
22.45
23.49
23.73
23.910748
24.2
25.27
25.478095
26.12
26.348844
27.0
27.167347
27.88
28.107755
28.36
28.59
29.22
29.46
29.657687
29.901497
30.59
30.780952
30.907937
30.984127
31.075556
31.25
31.46
31.67
31.94
32.15
32.82
33.06
33.285079
33.51
33.72
33.950476
34.61
34.81
37.73
37.95
38.64
38.86
39.54
39.75
40.38
40.61
41.33
41.57
41.81
42.14
