0.2
0.42
1.1
1.34
3.76
3.98
4.66
4.91
7.36
7.61
8.27
8.52
9.17
9.41
9.85
10.31
10.97
11.23
11.45
11.64
11.89
12.09
12.33
12.49
12.74
12.98
13.19
13.41
13.57
13.82
14.04
14.26
14.47
14.7
14.91
15.11
15.3
15.53
15.76
15.91
16.15
16.34
16.58
16.76
17.02
17.23
17.44
17.66
17.88
18.09
18.31
18.51
18.69
18.94
19.14
19.35
19.53
19.74
19.98
20.19
20.41
20.63
20.84
21.07
21.76
21.99
22.198277
22.44
23.52
23.75
23.954286
24.19
25.25
25.52
26.13
26.42
26.99
27.235556
27.88
28.099048
30.1
30.31
31.03
31.24
31.461587
31.7
34.14
34.38
35.01
35.27
35.94
36.16
36.38
36.57
37.49
38.41
39.29
40.16
41.1
42.08
