0.2
0.43
0.661769
0.88
1.09
1.32
1.578957
1.79
2.0
2.23
2.45
2.64
2.86
3.1
3.32
3.56
3.750023
3.99
4.23
4.44
4.67
4.85
5.14
5.34059
5.6
5.78
6.04
6.27
6.47
6.7
6.9
7.19
7.38
7.61
7.871565
8.068934
8.25
8.52
8.73
8.916463
9.14
9.38
9.6
9.83
9.948299
10.086168
10.18
10.3
10.52
10.76
10.96
11.21
11.45
11.63
11.85
12.12
12.31
12.53
12.75
12.95
13.16
13.39
13.58
13.81
13.97
14.26
14.45
14.68
14.89
15.06
15.29
15.5
15.73
15.94
16.15
16.38
16.6
16.81
17.03
17.24
17.45
17.65
17.87
18.09
18.29
18.5
18.68
18.92
19.1
19.35
19.56
19.76
19.97
20.19
20.3
20.421224
20.5
20.61
20.83
21.06
21.26
21.55
22.223673
22.44
22.641633
22.88
23.08
23.33
23.947755
24.18
24.378776
24.61
24.82
25.06
25.534694
25.71
25.94
26.39
26.58
26.78
27.226122
27.44
27.69
28.075102
28.81
29.03
29.24
29.43
29.7
29.92
32.44
32.63
32.76
32.894694
32.973061
33.05
33.33
33.502041
33.72
33.94
34.18
34.38
34.56
34.81
35.07
35.28
35.49
35.73
36.38
36.59
36.84
37.061224
37.28
37.54
38.18449
38.42
38.844082
39.06
39.32
39.94
40.19
40.600816
40.85
41.03
41.83
42.09
43.91
