0.13
0.37
1.11
1.35
1.99
2.22
2.416327
2.7
2.902494
3.08
3.34
3.56
3.78
3.97
4.66
4.897959
5.57
5.754195
6.02
6.22585
6.49
6.690249
6.94
7.14
7.38
7.61
8.28
8.5
9.23
9.4
9.82
10.29
11.03
11.23
11.44
11.67
11.87
12.09
12.31
12.52
12.71
12.95
13.16
13.32
13.58
13.81
14.03
14.20771
14.45
14.66
14.87
15.09
15.31
15.52
15.74
15.97
16.14
16.36
16.59
16.82
17.0
17.24
17.43
17.64
17.87
18.07
18.29
18.5
18.67
18.91
19.13
19.34
19.54
19.76
19.97
20.2
20.4
20.62
20.84
21.06
21.3
21.57
22.262132
22.41
22.6322
22.89
23.07
23.32
23.938322
24.18
24.373696
24.61
24.82
25.03
25.527438
25.7
25.9
26.34
26.55
26.8
27.232653
27.42
27.67
28.110658
29.24
29.48
29.685261
29.902948
30.56
30.79
30.9
31.0
31.1
31.23
31.46
31.67
32.38
32.602268
32.747392
32.85
32.936054
33.06
33.262585
33.51
33.69
33.94
34.18
34.39
34.61
34.82
35.03
35.27
35.97
36.14
36.38
36.58
36.839909
37.07
37.72
37.94
38.6
38.86
39.53
39.75
40.41
40.58
41.32
41.55
41.81
42.11
