0.203175
0.538413
1.381587
1.666032
4.622222
4.886349
5.597460
5.841270
8.421587
8.624762
9.274921
9.518730
10.168889
10.341587
10.758095
11.144127
11.784127
11.997460
12.220952
12.413968
12.596825
12.779683
12.972698
13.145397
13.365986
13.525624
13.736054
13.931973
14.113379
14.287528
14.483447
14.693878
14.868027
15.049433
15.216327
15.375964
15.521088
15.687982
15.825850
16.072562
16.239456
16.377324
16.536961
16.689342
16.885261
17.030385
17.211791
17.335147
17.509297
17.647166
17.799546
17.988209
18.155102
18.271202
18.453333
18.590476
18.742857
18.895238
19.037460
19.189841
19.367619
19.509841
19.687619
19.819683
20.286984
20.454603
20.591746
20.800000
21.577143
21.739683
21.937778
22.069841
22.836825
23.019683
23.492063
23.669841
24.116825
24.299683
24.772063
24.929524
25.132698
25.285079
25.762540
25.945397
26.087619
26.255238
26.773333
26.902857
27.042540
27.174603
27.312472
27.469206
27.626667
27.796825
27.984762
28.487982
28.696961
28.888526
29.030748
29.225215
29.448707
29.974059
30.162721
32.757551
32.954921
33.715374
33.941769
34.786395
35.131791
36.022857
36.339229
37.360907
37.764354
38.202630
38.713469
