0.169796
0.587755
1.358367
1.645714
4.584490
4.911020
5.603265
5.864490
8.372245
8.633469
9.312653
9.547755
10.122449
10.357551
10.801633
11.141224
11.781224
11.958277
12.173061
12.353016
12.591020
12.808707
13.008980
13.174422
13.339864
13.574966
13.766531
13.966803
14.167075
14.323810
14.532789
14.741769
14.889796
15.055238
15.246803
15.420952
15.577687
15.786667
15.943401
16.100136
16.256871
16.404898
16.596463
16.700952
16.857687
17.031837
17.188571
17.388844
17.528163
17.650068
17.832925
17.963537
18.120272
18.250884
18.416327
18.581769
18.764626
18.930068
19.104218
19.226122
19.365442
19.539592
19.652789
19.835646
20.305850
20.480000
20.636735
20.819592
21.524898
21.716463
21.908027
22.073469
22.848435
22.996463
23.501497
23.684354
24.137143
24.320000
24.781497
24.955646
26.366259
26.575238
27.071565
27.289252
27.472109
27.594014
29.561905
29.762177
30.258503
30.450068
31.033469
31.242449
31.425306
31.651701
32.531156
33.480272
34.429388
35.639728
36.954558
38.774422
