0.174150
0.511565
0.819955
1.102948
1.371429
1.661678
2.006349
2.267574
2.507029
2.775510
3.073016
3.359637
3.595465
3.871202
4.096145
4.371882
4.578685
4.861678
5.108390
5.365986
5.594558
5.819501
6.120635
6.305669
6.585034
6.831746
7.034921
7.288889
7.513832
7.717007
7.945578
8.192290
8.413605
8.700227
8.899773
9.095692
9.291610
9.509297
9.734240
9.941043
10.122449
10.336508
10.539683
10.750113
10.855329
10.964172
11.058503
11.174603
11.334240
11.595465
11.784127
12.005442
12.208617
12.411791
12.589569
12.796372
13.006803
13.199093
13.373243
13.554649
13.750567
13.924717
14.117007
14.312925
14.490703
14.686621
14.860771
15.020408
15.187302
15.346939
15.539229
15.709751
15.894785
16.043537
16.203175
16.359184
16.544218
16.711111
16.856236
17.023129
17.168254
17.317007
17.476644
17.683447
17.832200
17.991837
18.129705
18.307483
18.441723
18.583220
18.728345
18.880726
19.043991
19.192744
19.272562
19.353832
19.426395
19.523265
19.657143
19.820408
19.986939
20.140408
20.630930
20.790567
20.935692
21.092426
21.240454
21.411701
21.899320
22.038639
22.206984
22.346304
22.500136
22.659773
23.002268
23.176417
23.336054
23.597279
23.754014
23.954286
24.322902
24.439002
24.621859
24.975964
25.408435
25.623220
25.771247
25.930884
26.113741
26.296599
28.177415
28.345760
28.438639
28.522812
28.609887
28.685351
28.871111
29.030748
29.207800
29.381950
29.547392
29.727347
29.892789
30.090159
30.316553
30.447166
30.644535
30.853515
31.465941
31.654603
31.869388
32.078367
32.293152
32.534059
33.239365
33.454150
33.967891
34.197188
34.504853
35.294331
35.671655
36.237642
36.574331
36.966168
38.135873
38.725079
40.376599
