0.182857
0.497778
1.391746
1.696508
2.549841
2.813968
3.088254
3.332063
3.586032
3.829841
4.104127
4.388571
4.642540
4.906667
5.597460
5.902222
6.603175
6.867302
7.121270
7.283810
7.517460
7.740952
7.964444
8.187937
8.411429
8.624762
9.305397
9.528889
10.128254
10.351746
10.747937
11.194921
11.834921
12.027937
12.231111
12.403810
12.617143
12.840635
12.982857
13.216508
13.379048
13.561905
13.744762
13.927619
14.110476
14.323810
14.476190
14.720000
14.862222
15.065397
15.238095
15.410794
15.573333
15.746032
15.867937
16.060952
16.233651
16.375873
16.538413
16.731429
16.873651
17.036190
17.188571
17.300317
17.513651
17.676190
17.838730
17.991111
18.153651
18.285714
18.448254
18.590476
18.773333
18.905397
19.057778
19.189841
19.372698
19.504762
19.657143
19.799365
19.941587
20.083810
20.556190
20.759365
20.942222
21.099683
21.267302
21.450159
21.907302
22.029206
22.222222
22.369524
22.542222
22.704762
23.065397
23.187302
23.354921
23.674921
23.771429
23.974603
24.304762
24.441905
24.609524
24.934603
25.777778
25.960635
26.128254
26.311111
26.808889
26.976508
27.093333
27.159365
27.266032
27.316825
27.520000
27.687619
28.175238
28.363175
28.444444
28.520635
28.612063
28.713651
28.921905
29.069206
29.236825
29.419683
29.617778
29.770159
29.947937
30.085079
30.298413
30.471111
31.034921
31.207619
31.405714
31.588571
31.842540
32.010159
32.726349
32.990476
33.671111
33.874286
34.737778
35.108571
35.926349
36.276825
37.318095
37.744762
38.191746
38.796190
