0.168345
0.621134
0.734331
1.041995
1.323537
2.086893
2.232018
2.365533
2.49034
2.647075
2.754467
2.905397
3.625215
3.77034
3.903855
4.054785
4.597551
5.195465
5.781769
6.292608
6.861497
7.383946
7.68
7.961542
8.237279
8.483991
10.21678
10.657959
10.800181
11.099138
11.389388
12.190476
12.335601
12.442993
12.608435
12.733243
12.855147
12.98576
13.273107
13.395011
13.534331
13.647528
13.818776
13.94068
14.048073
14.611156
15.1278
15.41805
15.679274
15.943401
16.216236
17.74585
18.166712
18.291519
18.575964
18.874921
19.617959
19.748571
19.858866
19.986576
20.128798
20.23619
20.37551
21.045986
21.150476
21.298503
21.429116
21.86449
22.384036
22.86585
23.356372
23.823673
24.270658
24.511565
24.758277
24.964354
25.164626
26.581043
26.885805
27.028027
27.274739
27.501134
28.20644
28.32254
28.421224
28.525714
28.641814
28.746304
28.853696
29.091701
29.201995
29.320998
29.410975
29.53288
29.628662
29.733152
30.168526
30.62712
30.853515
31.079909
31.306304
31.523991
32.893968
33.38449
33.631202
33.880816
34.533878
34.661587
34.78059
34.893787
35.012789
35.131791
35.244989
35.68907
35.912562
36.162177
36.681723
37.729524
37.999456
38.478367
39.151746
39.293968
39.407166
39.50585
39.653878
39.752562
39.87737
39.981859
40.147302
40.263401
40.391111
40.643628
40.782948
40.954195
41.511474
41.920726
42.091973
42.37932
42.643447
43.432925
43.60127
43.734785
43.850884
43.996009
44.135329
44.277551
44.588118
44.840635
45.119274
45.354376
45.900045
46.985578
47.54576
