2.358277
2.75737
2.902494
3.2
3.497506
4.346485
4.506122
4.622222
4.767347
4.897959
5.006803
5.16644
5.507483
6.008163
6.312925
6.610431
7.118367
7.394104
7.69161
7.945578
8.206803
8.489796
9.084807
9.534694
9.650794
9.970068
10.238549
11.080272
11.218141
11.341497
11.515646
11.62449
11.762358
11.907483
12.204989
12.328345
12.458957
12.604082
12.727438
12.85805
13.003175
13.278912
13.409524
13.53288
13.670748
13.794104
13.902948
14.048073
14.214966
14.316553
14.831746
15.100227
15.281633
15.38322
15.94195
16.195918
16.449887
16.689342
16.943311
17.23356
19.860317
20.252154
20.346485
20.622222
20.854422
21.601814
21.732426
21.855782
21.971882
22.117007
22.240363
22.363719
22.603175
23.089342
23.336054
23.582766
24.054422
24.286621
24.533333
24.736508
24.968707
25.200907
25.636281
25.991837
26.115193
26.369161
26.594104
27.305215
27.414059
27.501134
27.609977
27.762358
27.849433
27.965533
28.197732
28.284807
28.422676
28.546032
28.662132
28.749206
28.85805
29.090249
29.18458
29.30068
29.424036
29.525624
29.619955
29.736054
29.866667
29.953741
30.396372
30.628571
30.773696
30.87093
31.300499
31.561723
31.770703
31.997098
32.211882
32.478912
33.825669
34.168163
34.319093
34.557098
34.766077
35.485896
35.613605
35.729705
35.82839
35.973515
36.170884
36.635283
36.844263
37.099683
37.523447
38.614785
38.934059
39.920907
40.425941
40.803265
40.907755
41.232834
41.523084
42.324172
42.475102
42.637642
42.782766
42.910476
43.014966
43.171701
43.467755
43.723175
44.007619
44.286259
45.098957
45.389206
45.679456
46.17288
46.486349
46.788209
47.281633
47.566077
47.914376
48.210431
48.587755
49.174059
