0.139320
0.394739
1.108753
1.323537
3.784853
3.993832
4.742676
4.945850
7.430385
7.650975
8.330159
8.591383
9.264762
9.450522
9.880091
10.344490
11.064308
11.267483
11.528707
11.731882
11.946667
12.184671
12.387846
12.608435
12.811610
13.055420
13.276009
13.461769
13.682358
13.902948
14.123537
14.326712
14.553107
14.750476
14.965261
15.191655
15.406440
15.609615
15.806984
16.062404
16.259773
16.462948
16.683537
16.892517
17.118912
17.333696
17.548481
17.757460
17.989660
18.198639
18.413424
18.610794
18.854603
19.051973
19.272562
19.487347
19.678912
19.887891
20.091066
20.311655
20.514830
20.752834
20.985034
21.188209
21.890612
22.169252
22.384036
22.598821
23.672744
23.875918
24.166168
24.392562
25.431655
25.669660
26.325624
26.592653
27.196372
27.475011
28.107755
28.345760
28.554739
28.804354
29.448707
29.721542
29.965351
30.243991
30.818685
31.010249
31.164082
31.281633
31.376327
31.526531
31.742041
31.937959
32.176327
32.414694
33.027483
33.336599
33.571701
33.763265
34.002721
34.277007
34.917007
35.200000
38.108299
38.334694
39.009524
39.235918
39.897687
40.128435
40.798912
41.055782
41.748027
42.004898
42.274830
42.618776
