0.139320
0.394739
1.091338
1.335147
3.773243
4.017052
4.678821
4.934240
7.418776
7.674195
8.347574
8.637823
9.229932
9.462132
9.856871
10.321270
11.041088
11.250068
11.493878
11.737687
11.900227
12.167256
12.376236
12.608435
12.782585
13.014785
13.223764
13.444354
13.664943
13.885533
14.140952
14.349932
14.524082
14.756281
15.011701
15.197460
15.406440
15.613968
15.827302
16.040635
16.274286
16.507937
16.711111
16.904127
17.117460
17.310476
17.544127
17.754558
17.980952
18.198639
18.425034
18.660136
18.834286
19.017143
19.243537
19.496054
19.713741
19.887891
20.114286
20.323265
20.540952
20.758639
20.985034
21.254966
21.899320
22.143129
22.395646
22.630748
23.658231
23.893333
24.154558
24.346122
25.408435
25.730612
26.296599
26.575238
27.210884
27.463401
28.090340
28.386395
30.345578
30.589388
31.312109
31.529796
31.677823
31.912925
34.416327
34.710204
35.304490
35.520000
36.244898
36.480000
36.682449
36.956735
37.857959
38.759184
39.706122
40.561633
41.502041
42.586122
