0.162540
0.409252
0.632744
0.873651
1.068118
1.317732
1.549932
1.773424
1.988209
2.191383
2.446803
2.670295
2.890884
3.114376
3.340771
3.587483
3.802268
4.031565
4.260862
4.490159
4.725261
4.940045
5.218685
5.421859
5.636644
5.854331
6.069116
6.333243
6.539320
6.774422
7.003719
7.203991
7.450703
7.691610
7.938322
8.144399
8.333061
8.582676
8.814875
9.032562
9.235737
9.488254
9.656599
9.885896
10.028118
10.176145
10.245805
10.347392
10.634739
10.861134
11.075918
11.299410
11.522902
11.763810
11.958277
12.187574
12.390748
12.602630
12.805805
13.040907
13.261497
13.505306
13.705578
13.923265
14.140952
14.332517
14.570522
14.776599
14.982676
15.197460
15.415147
15.644444
15.859229
16.074014
16.248163
16.474558
16.692245
16.901224
17.116009
17.345306
17.542676
17.771973
17.983855
18.192834
18.419229
18.625306
18.834286
19.040363
19.255147
19.458322
19.673107
19.902404
20.120091
20.323265
20.488707
20.599002
20.665760
20.767347
21.008254
21.211429
21.475556
21.716463
22.352109
22.581406
22.804898
23.057415
23.246077
23.469569
24.134240
24.357732
24.578322
24.764082
24.984671
25.234286
25.750930
25.948299
26.122449
26.575238
26.787120
27.025125
27.512744
27.753651
27.921995
28.386395
29.051066
29.291973
29.535782
29.712834
29.953741
30.203356
32.658866
32.844626
33.001361
33.134875
33.248073
33.323537
33.477370
33.758912
34.011429
34.229116
34.490340
34.664490
34.876372
35.102766
35.363991
35.558458
35.790658
36.037370
36.707846
36.905215
37.149025
37.363810
37.642449
37.906576
38.536417
38.765714
39.256236
39.462313
39.691610
40.388209
40.629116
41.067392
41.296689
41.543401
42.298050
42.617324
44.573605
