0.167619
0.421587
1.092063
1.325714
1.996190
2.229841
2.473651
2.702222
2.880000
3.098413
3.342222
3.550476
3.779048
4.017778
4.693333
4.952381
5.638095
5.861587
6.054603
6.323810
6.537143
6.770794
6.984127
7.202540
7.436190
7.674921
8.360635
8.568889
9.188571
9.437460
9.859048
10.351746
11.078095
11.306667
11.530159
11.738413
11.961905
12.170159
12.419048
12.627302
12.835556
13.038730
13.262222
13.445079
13.688889
13.917460
14.151111
14.364444
14.557460
14.770794
14.989206
15.227937
15.410794
15.624127
15.837460
16.040635
16.253968
16.467302
16.690794
16.893968
17.137778
17.356190
17.559365
17.777778
17.986032
18.194286
18.427937
18.656508
18.849524
19.052698
19.276190
19.494603
19.692698
19.895873
20.114286
20.342857
20.546032
20.779683
21.023492
21.231746
21.450159
21.688889
22.374603
22.577778
22.811429
23.014603
23.227937
23.471746
24.106667
24.330159
24.573968
24.756825
24.965079
25.213968
25.681270
25.889524
26.118095
26.565079
26.758095
27.022222
27.484444
27.672381
27.916190
28.317460
29.485714
29.729524
29.968254
30.161270
30.816508
31.070476
31.207619
31.314286
31.431111
31.512381
31.746032
31.979683
32.645079
32.893968
33.036190
33.142857
33.224127
33.315556
33.569524
33.777778
33.991111
34.224762
34.438095
34.651429
34.885079
35.103492
35.342222
35.530159
36.266667
36.474921
36.703492
36.921905
37.155556
37.379048
38.125714
38.349206
38.984127
39.233016
39.923810
40.157460
40.812698
41.036190
41.803175
42.031746
42.300952
42.671746
