0.24381
0.740136
1.25678
1.378685
2.243628
2.382948
2.51356
2.632562
2.75737
2.870567
2.992472
3.125986
3.262404
3.378503
3.552653
4.104127
4.574331
4.667211
5.561179
5.674376
5.825306
5.932698
6.060408
6.193923
6.339048
6.454422
6.58322
6.701134
6.83356
7.370522
7.805896
7.92381
8.234014
8.772789
9.373243
9.723356
10.020862
10.289342
10.586848
11.183673
11.742404
12.081633
12.377324
12.649433
12.937868
13.251701
13.953741
14.512472
14.965986
15.085714
16.007256
16.117914
16.25941
16.373696
16.502494
16.633107
16.770975
16.910658
17.043084
17.155556
17.289796
17.857596
18.352834
18.472562
19.32517
19.453968
19.597279
19.733333
19.858503
20.003628
20.126984
20.264853
20.373696
20.495238
20.651247
21.286168
21.824943
22.075283
22.597732
22.991383
23.221769
23.510204
23.798639
24.083447
24.362812
24.66576
24.93424
25.567347
25.870295
26.055329
26.347392
26.619501
26.913379
28.105215
28.524263
28.645805
29.253515
29.672562
29.888435
30.131519
30.450794
31.597279
31.856689
32.172336
32.460771
32.73288
33.037642
33.347846
33.639909
33.926531
34.474376
35.067574
35.709751
35.820408
35.969161
36.092517
36.210431
36.328345
36.460771
36.576871
36.74195
37.342404
37.78322
37.919274
38.231293
38.376417
38.507029
38.6322
38.773696
38.889796
39.073016
39.629932
40.070748
40.17415
40.477098
40.62585
40.770975
40.901587
41.0322
41.144671
41.269841
41.594558
42.165986
42.735601
43.252608
43.940136
44.243084
44.533333
44.814512
