0.24381
0.838095
1.264762
1.371429
2.753016
2.88
3.006984
3.12381
3.260952
3.372698
3.540317
4.114286
4.571429
4.678095
6.069841
6.217143
6.32381
6.460952
6.582857
6.709841
6.852063
7.375238
7.791746
7.898413
8.218413
8.766984
9.36127
9.732063
9.970794
10.590476
11.179683
11.453968
11.697778
12.048254
12.297143
12.632381
12.942222
13.292698
13.942857
14.506667
15.070476
15.994921
16.269206
16.548571
16.80254
17.076825
17.346032
17.859048
18.097778
18.366984
19.35746
19.606349
19.885714
20.139683
20.424127
20.749206
21.252063
21.739683
22.608254
23.233016
23.51746
23.812063
24.091429
24.375873
24.650159
24.944762
25.264762
25.493333
25.798095
26.08254
26.346667
26.671746
26.966349
28.104127
28.500317
28.657778
29.226667
29.51619
29.831111
30.146032
30.628571
31.624127
31.883175
32.24381
32.502857
32.863492
33.066667
33.300317
33.610159
33.935238
34.493968
35.047619
35.819683
35.956825
36.08381
36.231111
36.347937
36.500317
36.612063
36.774603
37.343492
37.749841
37.871746
38.364444
38.516825
38.64381
38.791111
38.907937
39.050159
39.629206
40.015238
40.142222
40.629841
40.772063
40.893968
41.005714
41.137778
41.269841
41.605079
42.168889
42.712381
43.210159
43.972063
44.23619
44.520635
44.835556
