0.177778
0.776417
1.255329
1.389569
1.962812
2.126077
2.249433
2.372789
2.499773
2.648526
2.75737
2.887982
3.018594
3.25805
3.378503
3.539592
4.131701
4.558367
4.693333
5.281088
5.429116
5.561905
5.696871
5.816599
5.938503
6.049524
6.197551
6.319456
6.447891
6.567619
6.680816
6.846259
7.416599
7.801905
7.941224
8.228571
8.811973
9.402449
9.753469
9.972245
10.302041
10.59102
11.191837
11.795918
12.386939
12.631837
12.692245
12.76898
12.863673
12.938776
13.031837
13.12
13.260408
13.913469
14.527347
14.966531
15.115102
15.699592
15.869388
16.016327
16.13551
16.26449
16.408163
16.530612
16.662857
16.780408
16.914286
17.041633
17.170612
17.325714
17.915102
18.328163
18.489796
19.056327
19.208163
19.345306
19.466122
19.598367
19.738776
19.874286
19.995102
20.127347
20.257959
20.367347
20.491429
20.656508
21.234286
21.667302
21.790476
22.091429
22.669206
23.28381
23.60127
23.851429
24.107937
24.39746
24.95873
25.526349
25.875556
26.332698
26.39746
26.458413
26.528254
26.633651
26.744127
26.829206
26.892698
27.531429
28.091429
28.526984
28.650159
29.259683
29.726984
29.833651
30.133333
30.433016
31.215238
31.338413
31.43746
31.582222
31.907302
32.250159
32.499048
32.780952
33.048889
33.318095
33.627937
33.884444
34.440635
34.547302
34.619683
34.727619
34.788571
34.902857
35.056508
35.433651
35.564444
35.692698
35.820952
35.942857
36.072381
36.196825
36.32381
36.452063
36.580317
36.764444
37.333333
37.75619
37.895873
38.223492
38.387302
38.514286
38.659048
38.764444
38.88254
39.04
39.608889
40.040635
40.180317
40.538413
40.666667
40.784762
40.897778
41.026032
41.130159
41.274921
41.580952
42.143492
42.72127
43.260952
43.960635
44.256508
44.526984
44.826667
