0.228571
0.853333
0.986848
1.091338
1.224853
1.340952
1.497687
1.851791
1.967891
2.083991
2.211701
2.321995
2.47873
2.867664
3.006984
3.099864
3.221769
3.337868
3.477188
3.593288
3.715193
3.842902
3.964807
4.109932
4.237642
4.359546
4.516281
4.649796
4.760091
4.870385
5.0039
5.114195
5.24771
5.358005
5.508934
5.636644
5.752744
5.868844
6.013968
6.130068
6.257778
6.373878
6.484172
6.623492
6.757007
6.873107
7.018231
7.116916
7.256236
7.360726
7.50585
7.639365
7.755465
7.859955
8.005079
8.132789
8.283719
8.399819
8.527528
8.632018
8.765533
8.881633
8.991927
9.131247
9.264762
9.398277
9.525986
9.647891
9.769796
9.891701
10.001995
10.118095
10.26322
10.832109
11.348753
11.894422
12.370431
12.898685
13.397914
13.920363
14.402177
14.936236
15.458685
15.975329
16.439728
16.933152
17.385941
17.890975
18.401814
18.889433
19.365442
19.835646
20.32907
28.908844
29.408073
29.942132
30.418141
30.94059
31.474649
31.991293
32.513741
32.658866
32.780771
32.896871
33.012971
33.146485
33.262585
33.37288
33.506395
33.639909
33.761814
33.883719
33.999819
34.104308
34.243628
34.342313
34.470023
34.609342
34.748662
34.858957
34.975057
35.096961
35.224671
35.346576
35.474286
35.601995
35.694875
35.799365
35.950295
36.089615
36.217324
36.350839
36.461134
36.600454
36.704943
36.821043
36.937143
37.070658
37.186757
37.308662
37.453787
37.558277
37.674376
37.796281
37.935601
38.051701
38.1678
38.29551
38.429025
38.57415
38.707664
38.812154
38.916644
39.044354
39.183673
39.299773
39.439093
39.555193
39.688707
39.804807
39.903492
40.054422
40.164717
40.292426
40.396916
40.518821
40.646531
40.73941
40.849705
40.989025
41.116735
41.232834
41.360544
41.494059
41.604354
41.732063
41.853968
41.981678
42.103583
42.208073
42.329977
42.840816
43.293605
43.810249
44.321088
44.791293
44.930612
45.046712
45.168617
45.273107
45.400816
45.528526
45.650431
45.772336
45.911655
46.016145
46.14966
46.271565
46.799819
47.328073
47.780862
48.274286
48.46585
48.576145
48.692245
48.796735
48.912834
49.034739
49.145034
49.261134
49.377234
49.533968
49.644263
49.748753
49.859048
49.980952
50.114467
50.236372
50.811066
51.32771
51.821134
52.302948
52.442268
52.546757
52.668662
52.778957
52.906667
53.016961
53.127256
53.243356
53.359456
53.481361
53.591655
53.70195
53.84127
53.963175
54.085079
54.172154
54.723628
54.833923
54.967438
55.089342
55.205442
55.698866
55.803356
55.954286
56.07619
56.19229
56.325805
56.453515
56.581224
56.708934
56.836644
56.946939
57.057234
57.179138
57.318458
57.446168
57.573878
57.684172
57.782857
57.875737
58.015057
58.444626
58.96127
59.460499
59.959728
60.435737
60.987211
61.457415
61.979864
62.177234
