0.17415
10.24
10.762449
11.342948
11.853787
12.341406
12.829025
13.339864
13.908753
14.407982
14.918821
15.44127
15.928889
16.428118
16.880907
17.449796
17.925805
18.366984
18.842993
19.365442
19.818231
20.29424
20.947302
21.079365
21.252063
21.353651
21.475556
21.607619
22.034286
22.15619
22.298413
22.389841
22.501587
22.664127
23.070476
23.182222
23.293968
23.415873
23.537778
23.690159
24.07619
24.208254
24.330159
24.441905
24.523175
24.645079
24.766984
24.909206
25.010794
25.142857
25.264762
25.376508
25.508571
25.650794
25.772698
25.904762
26.006349
26.138413
26.290794
26.405442
26.550567
26.666667
26.782766
26.920635
27.014966
27.138322
27.283447
27.39229
27.530159
27.646259
27.776871
27.892971
28.016327
28.146939
28.284807
28.41542
28.5678
28.669388
28.792744
28.908844
29.024943
29.133787
29.271655
29.387755
29.53288
29.663492
29.779592
29.895692
30.026304
30.142404
30.251247
30.389116
30.918821
31.448526
31.956463
32.507937
32.936054
33.502041
33.973696
34.488889
34.982313
35.497506
35.976417
36.484354
36.926984
37.405896
37.913832
38.421769
38.936961
39.408617
39.902041
40.402721
40.86712
41.3678
41.875737
42.369161
42.485261
42.601361
42.71746
42.811791
42.964172
43.12381
43.225397
43.348753
43.486621
43.617234
43.718821
43.834921
43.943764
44.074376
44.190476
44.321088
44.451701
44.582313
44.669388
44.792744
44.901587
45.046712
45.162812
45.278912
45.424036
45.561905
45.663492
45.757823
45.895692
46.004535
46.14966
46.280272
46.780952
47.26712
47.7678
48.290249
50.249433
50.771882
51.243537
51.744218
52.346485
54.218594
54.741043
55.234467
55.735147
56.199546
56.700227
57.200907
57.701587
58.202268
58.695692
59.247166
59.689796
60.18322
60.691156
61.213605
61.736054
62.229478
