0.17415
0.718367
1.214694
1.71102
2.207347
2.690612
3.226122
3.761633
4.257959
4.767347
5.237551
5.799184
6.29551
6.83102
7.262041
7.758367
8.254694
8.75102
9.260408
9.795918
10.279184
19.892245
20.349388
20.858776
21.394286
21.903673
22.347755
22.883265
23.392653
23.875918
24.411429
24.920816
25.430204
25.900408
26.422857
26.932245
27.402449
27.937959
28.421224
28.917551
29.936327
30.419592
31.046531
31.190204
31.307755
31.451429
31.621224
31.738776
32.08127
32.253968
32.375873
32.518095
32.64
32.782222
33.081179
33.226304
33.34966
33.487528
33.603628
33.748753
33.857596
33.988209
34.111565
34.249433
34.372789
34.510658
34.619501
34.742857
34.858957
35.004082
35.127438
35.243537
35.345125
35.475737
35.591837
35.744218
35.860317
35.954649
36.107029
36.230385
36.346485
36.455329
36.593197
36.709297
36.825397
36.956009
37.079365
37.22449
37.318821
37.449433
37.594558
37.688889
37.826757
37.935601
38.051701
38.175057
38.276644
38.421769
38.545125
38.682993
38.777324
38.929705
39.031293
39.169161
39.299773
39.408617
39.524717
39.662585
39.74966
39.858503
39.989116
40.163265
40.264853
40.388209
40.489796
40.620408
40.75102
40.903401
40.997732
41.135601
41.222676
41.353288
41.498413
41.614512
41.723356
41.8322
41.962812
42.071655
42.209524
42.361905
42.478005
42.579592
42.695692
42.826304
42.94966
43.06576
43.181859
43.326984
43.435828
43.595465
43.697052
43.813152
43.921995
44.045351
44.146939
44.284807
44.408163
44.524263
44.654875
44.807256
44.9161
45.0322
45.148299
45.30068
45.380499
45.511111
45.656236
45.786848
45.902948
46.019048
46.127891
46.258503
46.418141
46.563265
46.657596
46.759184
46.911565
47.049433
47.165533
47.296145
47.434014
47.564626
47.695238
47.796825
47.949206
48.043537
48.137868
48.282993
50.234921
50.423583
50.510658
50.626757
50.750113
50.895238
51.02585
51.14195
51.236281
51.410431
51.541043
51.649887
51.773243
51.918367
52.019955
52.128798
52.252154
54.22585
54.349206
54.465306
54.566893
55.205442
55.336054
55.510204
55.619048
56.141497
56.322902
56.446259
56.569615
57.200907
57.346032
57.505669
57.621769
58.180499
58.354649
58.499773
58.637642
58.739229
58.862585
58.978685
59.06576
59.210884
59.370522
59.457596
59.580952
59.689796
59.820408
59.95102
60.052608
60.154195
60.313832
60.473469
60.5678
60.669388
60.814512
60.959637
61.068481
61.191837
61.271655
61.431293
61.569161
61.692517
61.830385
61.946485
62.048073
62.178685
