10.331429
10.971429
11.113651
11.235556
11.347302
11.499683
11.621587
12.001814
12.146939
12.255782
12.35737
12.487982
12.618594
13.024943
13.162812
13.307937
13.395011
13.525624
13.656236
14.077098
14.214966
14.32381
14.454422
14.599546
14.701134
14.809977
14.947846
15.100227
15.216327
15.32517
15.463039
15.586395
15.709751
15.82585
15.934694
16.05805
16.166893
16.282993
16.399093
16.529705
16.638549
16.783673
16.899773
17.015873
17.131973
17.262585
17.371429
17.516553
17.647166
17.777778
17.886621
18.002721
18.126077
18.249433
18.380045
18.503401
18.612245
18.721088
18.866213
19.018594
19.127438
19.236281
19.345125
19.490249
19.613605
19.729705
19.860317
19.998186
20.107029
20.223129
20.37551
20.868934
21.376871
21.906576
22.421769
22.90068
23.386848
23.931066
24.380952
24.903401
25.411338
25.919274
26.412698
26.935147
27.406803
27.936508
28.400907
28.945125
29.881179
30.410884
30.955102
31.434014
32.007256
32.486168
32.645805
32.769161
32.885261
33.001361
33.124717
33.255329
33.371429
33.494785
33.632653
33.763265
33.857596
33.988209
34.118821
34.234921
34.372789
34.496145
34.619501
34.721088
34.851701
34.982313
35.105669
35.250794
35.359637
35.482993
35.613605
35.722449
35.831293
35.961905
36.092517
36.208617
36.339229
36.448073
36.585941
36.709297
36.832653
36.956009
37.079365
37.209977
37.34059
37.471202
37.601814
37.717914
37.848526
37.971882
38.095238
38.196825
38.320181
38.443537
38.566893
38.682993
38.806349
38.922449
39.024036
39.125624
39.256236
39.401361
39.524717
39.662585
39.764172
39.902041
40.018141
40.156009
40.243084
40.380952
40.526077
40.663946
40.772789
40.896145
41.012245
41.142857
41.273469
41.375057
41.505669
41.629025
41.730612
41.853968
41.970068
42.093424
42.180499
42.325624
42.470748
42.586848
42.702948
42.819048
42.971429
43.087528
43.203628
43.33424
43.457596
43.573696
43.697052
43.813152
43.936508
44.045351
44.190476
44.321088
44.429932
44.553288
44.691156
44.8
44.908844
45.046712
45.170068
45.307937
45.431293
45.53288
45.656236
45.808617
45.910204
46.03356
46.120635
46.273016
46.76644
47.259864
47.782313
48.304762
48.449887
48.55873
48.682086
48.783673
48.965079
49.066667
49.153741
49.269841
49.436735
49.52381
49.639909
49.756009
49.872109
50.009977
50.14059
50.249433
50.75737
51.243537
51.787755
52.244898
52.411791
52.513379
52.622222
52.752834
52.919728
53.035828
53.144671
53.253515
53.362358
53.514739
53.601814
53.717914
53.863039
53.979138
54.095238
54.240363
54.697506
54.849887
54.95873
55.060317
55.198186
55.698866
55.851247
55.952834
56.083447
56.221315
56.359184
56.489796
56.569615
56.685714
56.80907
56.961451
57.084807
57.200907
57.317007
57.433107
57.556463
57.650794
57.810431
57.919274
58.057143
58.405442
58.884354
59.464853
59.958277
60.444444
60.966893
61.460317
61.968254
62.20771
