0.166893
0.576871
0.689342
0.979592
1.248073
1.944671
2.071655
2.184127
2.307483
2.427211
2.539683
2.695692
3.461224
3.58458
3.70068
3.831293
4.266667
4.861678
5.365986
5.881179
6.069841
6.273016
6.389116
6.88254
7.165533
7.415873
7.662585
7.898413
9.527438
9.959184
10.078912
10.340136
10.597732
11.366893
11.501134
11.62449
11.729705
11.849433
11.972789
12.092517
12.364626
12.480726
12.593197
12.691156
12.843537
12.937868
13.086621
13.598186
14.084354
14.349206
14.595918
14.857143
15.107483
16.591383
17.008617
17.121088
17.40771
17.687075
18.376417
18.503401
18.608617
18.742857
18.848073
18.971429
19.120181
19.863946
19.958277
20.074376
20.237642
20.640363
21.217234
21.736054
22.222222
22.4
22.523356
22.682993
23.194558
23.44127
23.698866
23.94195
24.19229
25.803175
26.198639
26.318367
26.586848
26.819048
27.595465
27.715193
27.838549
27.980045
28.070748
28.194104
28.310204
28.582313
28.705669
28.832653
28.937868
29.090249
29.202721
29.311565
29.823129
30.302041
30.57415
30.809977
31.049433
31.32517
32.79093
33.193651
33.338776
33.621769
33.879365
34.64127
34.800907
34.913379
35.029478
35.152834
35.279819
35.435828
35.914739
36.175964
36.448073
37.021315
38.305669
38.552381
39.067574
39.858503
39.989116
40.112472
40.221315
40.359184
40.439002
40.584127
40.671202
40.801814
40.914286
41.048526
41.168254
41.295238
41.40771
41.592744
42.147846
42.536054
42.65941
42.909751
43.145578
43.896599
44.041723
44.146939
44.24127
44.350113
44.487982
44.604082
44.883447
45.141043
45.373243
45.627211
45.95737
46.127891
47.089342
47.61542
