2.211701
2.616599
2.742857
3.017143
3.295782
4.075102
4.205714
4.30585
4.466939
4.601905
4.72381
4.863129
5.211429
5.633741
5.890612
6.177959
6.661224
6.922449
7.183673
7.414422
7.649524
7.92381
8.441905
8.842449
8.99483
9.286531
9.547755
10.340136
10.479456
10.579592
10.70585
10.84517
10.945306
11.067211
11.358912
11.476463
11.585306
11.720272
11.863946
11.964082
12.072925
12.355918
12.477823
12.59102
12.708571
12.843537
12.956735
13.087347
13.213605
13.352925
13.840544
14.084354
14.293333
14.376054
14.837551
15.129252
15.351293
15.612517
15.878095
16.161088
18.603537
19.02585
19.160816
19.422041
19.670204
20.432109
20.567075
20.671565
20.815238
20.94585
21.037279
21.185306
21.542313
21.951565
22.234558
22.495782
22.944218
23.196735
23.453605
23.684354
23.954286
24.206803
24.729252
25.147211
25.264762
25.543401
25.817687
26.570884
26.70585
26.814694
26.940952
27.075918
27.184762
27.31102
27.598367
27.707211
27.829116
27.946667
28.094694
28.203537
28.321088
28.599728
28.73034
28.826122
28.921905
29.078639
29.19619
29.33551
29.483537
29.627211
30.08
30.341224
30.497959
30.593741
31.055238
31.320816
31.542857
31.804082
32.047891
32.339592
33.863401
34.281361
34.411973
34.686259
34.934422
35.726803
35.857415
35.953197
36.105578
36.218776
36.327619
36.484354
37.011156
37.246259
37.594558
38.077823
39.305578
39.605986
40.624762
41.094966
41.49551
41.647891
41.904762
42.144218
42.893061
43.041088
43.162993
43.271837
43.398095
43.515646
43.650612
43.911837
44.138231
44.395102
44.630204
45.400816
45.640272
45.910204
46.397823
46.637279
46.920272
47.351293
47.621224
47.912925
48.156735
48.413605
48.696599
