0.267029
0.893968
1.015873
1.126168
1.265488
1.369977
1.538322
1.967891
2.118821
2.252336
2.38585
2.507755
2.66449
3.105669
3.250794
3.390113
3.535238
3.668753
3.819683
3.941587
4.098322
4.208617
4.359546
4.504671
4.632381
4.771701
4.93424
5.102585
5.230295
5.36381
5.491519
5.625034
5.764354
5.886259
6.031383
6.153288
6.292608
6.426122
6.565442
6.698957
6.826667
6.965986
7.099501
7.244626
7.389751
7.511655
7.650975
7.767075
7.918005
8.057324
8.179229
8.318549
8.463673
8.579773
8.730703
8.852608
8.986122
9.137052
9.270567
9.404082
9.537596
9.659501
9.810431
9.920726
10.083265
10.21678
10.36771
10.478005
10.611519
10.745034
10.895964
11.012063
11.139773
11.702857
12.277551
12.817415
13.363084
13.902948
14.442812
15.005896
15.53415
16.056599
16.590658
17.078277
17.618141
18.1522
18.581769
19.086803
19.562812
20.120091
20.56127
21.019864
21.490068
28.699864
29.042358
29.442902
29.814422
30.209161
30.632925
31.085714
31.492063
31.613968
31.741678
31.840363
31.939048
32.037732
32.136417
32.229297
32.380227
32.502132
32.635646
32.728526
32.833016
32.920091
33.041995
33.134875
33.239365
33.332245
33.425125
33.52381
33.605079
33.697959
33.802449
33.906939
34.023039
34.139138
34.237823
34.336508
34.435193
34.551293
34.661587
34.754467
34.882177
34.980862
35.079546
35.172426
35.276916
35.398821
35.520726
35.613605
35.718095
35.81678
35.915465
36.00254
36.136054
36.252154
36.368254
36.484354
36.588844
36.704943
36.838458
36.954558
37.053243
37.163537
37.268027
37.378322
37.459592
37.581497
37.674376
37.773061
37.889161
37.999456
38.109751
38.20263
38.301315
38.42322
38.533515
38.638005
38.759909
38.852789
38.968889
39.079184
39.183673
39.299773
39.410068
39.520363
39.613243
39.711927
39.839637
39.932517
40.042812
40.483991
40.90195
41.343129
41.743673
42.196463
42.306757
42.434467
42.538957
42.626032
42.736327
42.852426
42.968526
43.073016
43.165896
43.281995
43.386485
43.49678
43.949569
44.408163
44.860952
45.342766
45.482086
45.615601
45.720091
45.812971
45.94068
46.027755
46.143855
46.25415
46.387664
46.515374
46.619864
46.701134
46.828844
46.921723
47.043628
47.159728
47.635737
48.088526
48.5239
48.982494
49.150839
49.266939
49.377234
49.464308
49.609433
49.713923
49.806803
49.905488
50.021587
50.166712
50.282812
50.393107
50.503401
50.602086
50.694966
50.811066
51.25805
51.438005
51.554104
51.646984
51.739864
52.210068
52.390023
52.477098
52.569977
52.709297
52.837007
52.941497
53.034376
53.167891
53.301406
53.394286
53.481361
53.614875
53.754195
53.8761
53.98059
54.079274
54.259229
54.369524
54.857143
55.391202
56.018141
56.57542
57.184943
57.782857
58.450431
59.048345
59.477914
