0.17415
11.110748
11.749297
12.260136
12.805805
13.351474
13.885533
14.431202
14.976871
15.4761
16.044989
16.567438
17.113107
17.577506
18.076735
18.610794
19.075193
19.586032
20.085261
20.58449
21.037279
21.513288
22.117007
22.256327
22.360816
22.511746
22.627846
22.743946
23.069025
23.196735
23.312834
23.405714
23.545034
23.659683
24.005079
24.096508
24.187937
24.32
24.421587
24.513016
24.827937
24.949841
25.04127
25.142857
25.274921
25.376508
25.469388
25.591293
25.687075
25.800272
25.887347
26.000544
26.087619
26.200816
26.314014
26.418503
26.531701
26.644898
26.74068
26.853878
26.958367
27.05415
27.141224
27.237007
27.341497
27.419864
27.524354
27.628844
27.733333
27.837823
27.91619
27.994558
28.107755
28.212245
28.29932
28.386395
28.473469
28.577959
28.647619
28.749206
28.835556
28.921905
29.033651
29.114921
29.20127
29.302857
29.389206
29.480635
29.587302
29.67873
29.749841
29.846349
30.273016
30.679365
31.106032
31.304127
31.532698
31.964444
32.386032
32.787302
33.03619
33.310476
33.6
34.041905
34.463492
34.915556
35.291429
35.713016
36.144762
36.56127
37.003175
37.485714
37.881905
38.333968
38.755556
39.177143
39.573333
40.030476
40.137143
40.23873
40.340317
40.462222
40.568889
40.700952
40.807619
40.919365
41.056508
41.158095
41.285079
41.401905
41.52381
41.625397
41.742222
41.833651
41.92
42.031746
42.133333
42.224762
42.326349
42.412698
42.539683
42.661587
42.758095
42.834286
42.976508
43.073016
43.184762
43.301587
43.398095
43.474286
43.972063
44.439365
44.911746
45.36381
47.141587
47.649524
48.101587
48.573968
49.026032
50.839365
51.296508
51.743492
52.210794
52.683175
53.175873
53.627937
54.085079
54.532063
55.070476
55.669841
56.259048
56.853333
57.432381
58.052063
58.697143
59.372698
