0.182857
0.748844
1.306122
1.845986
2.42068
2.995374
3.543946
4.101224
4.702041
5.22449
5.781769
6.356463
6.870204
7.410068
7.949932
8.472381
9.020952
9.586939
10.06585
10.649252
11.154286
21.072109
21.559728
22.029932
22.534966
22.97034
23.414422
23.832381
24.267755
24.685714
25.121088
25.556463
25.957007
26.331429
26.731973
27.115102
27.506939
27.907483
28.281905
28.691156
29.47483
29.814422
30.362993
30.47619
30.574875
30.667755
30.77805
30.88254
31.184399
31.288889
31.375964
31.474649
31.579138
31.672018
32.014512
32.136417
32.240907
32.345397
32.449887
32.536961
32.635646
32.745941
32.862041
32.978141
33.065215
33.158095
33.29161
33.401905
33.581859
33.721179
33.808254
33.895329
34.028844
34.139138
34.237823
34.319093
34.435193
34.557098
34.649977
34.754467
34.864762
35.009887
35.096961
35.207256
35.300136
35.398821
35.503311
35.6078
35.71229
35.834195
35.938685
36.054785
36.147664
36.275374
36.368254
36.472744
36.594649
36.693333
36.809433
36.896508
36.995193
37.105488
37.215782
37.302857
37.430567
37.558277
37.662766
37.761451
37.871746
37.982041
38.098141
38.19102
38.301315
38.42322
38.545125
38.661224
38.748299
38.841179
38.951474
39.044354
39.160454
39.259138
39.381043
39.491338
39.595828
39.694512
39.816417
39.909297
40.025397
40.135692
40.240181
40.333061
40.472381
40.588481
40.687166
40.780045
40.896145
41.02966
41.13415
41.238639
41.337324
41.447619
41.546304
41.656599
41.761088
41.882993
41.975873
42.115193
42.190658
42.289342
42.382222
42.486712
42.614422
42.742132
42.858231
42.968526
43.067211
43.183311
43.2878
43.374875
43.514195
43.67093
43.758005
43.850884
43.937959
44.071474
44.193379
44.297868
44.396553
44.530068
44.651973
44.756463
44.866757
44.988662
45.122177
45.209252
45.342766
47.119093
47.258413
47.397732
47.473197
47.571882
47.699592
47.838912
47.937596
48.036281
48.187211
48.326531
48.39619
48.494875
48.64
48.74449
48.831565
48.994104
50.776236
50.921361
51.089705
51.23483
51.716644
51.890794
52.053333
52.169433
52.686077
52.871837
53.005351
53.138866
53.580045
53.789025
53.89932
54.038639
54.555283
54.735238
54.891973
55.037098
55.135782
55.292517
55.431837
55.553741
55.681451
55.849796
55.983311
56.105215
56.244535
56.453515
56.57542
56.708934
56.871474
57.045624
57.196553
57.312653
57.446168
57.637732
57.777052
57.916372
58.084717
58.229841
58.403991
58.554921
58.69424
58.862585
59.059955
59.210884
59.385034
