11.157188
11.853787
12.00907
12.117914
12.255782
12.393651
12.546032
12.952381
13.104762
13.213605
13.336961
13.467574
13.619955
14.040816
14.142404
14.258503
14.389116
14.563265
14.664853
15.136508
15.26712
15.38322
15.521088
15.651701
15.789569
15.934694
16.072562
16.203175
16.319274
16.435374
16.55873
16.689342
16.841723
16.957823
17.088435
17.211791
17.335147
17.458503
17.603628
17.73424
17.857596
17.995465
18.133333
18.249433
18.365533
18.496145
18.626757
18.742857
18.858957
18.982313
19.112925
19.236281
19.352381
19.468481
19.606349
19.729705
19.838549
19.93288
20.092517
20.208617
20.295692
20.411791
20.556916
20.658503
20.796372
20.897959
21.021315
21.151927
21.239002
21.369615
21.514739
22.000907
22.479819
22.980499
23.444898
23.880272
24.30839
24.75102
25.186395
25.563719
25.98458
26.383673
26.768254
27.174603
27.551927
27.943764
28.292063
28.691156
29.424036
29.852154
30.26576
30.672109
31.071202
31.492063
31.651701
31.760544
31.862132
31.978231
32.108844
32.217687
32.319274
32.449887
32.573243
32.667574
32.769161
32.84898
32.965079
33.05941
33.146485
33.240816
33.364172
33.458503
33.552834
33.639909
33.748753
33.843084
33.930159
34.053515
34.162358
34.271202
34.380045
34.46712
34.590476
34.684807
34.793651
34.895238
35.018594
35.127438
35.236281
35.345125
35.439456
35.555556
35.64263
35.751474
35.867574
35.983673
36.092517
36.157823
36.25941
36.368254
36.469841
36.578685
36.709297
36.825397
36.919728
37.021315
37.130159
37.231746
37.326077
37.456689
37.580045
37.66712
37.768707
37.892063
37.986395
38.102494
38.211338
38.320181
38.436281
38.566893
38.661224
38.777324
38.878912
38.987755
39.103855
39.198186
39.285261
39.386848
39.510204
39.611791
39.698866
39.822222
39.945578
40.061678
40.163265
40.272109
40.388209
40.497052
40.605896
40.685714
40.80907
40.910658
41.012245
41.121088
41.21542
41.346032
41.440363
41.549206
41.650794
41.752381
41.875737
41.991837
42.107937
42.21678
42.340136
42.44898
42.528798
42.623129
42.753741
42.840816
42.94966
43.080272
43.167347
43.27619
43.363265
43.479365
43.980045
44.408163
44.887075
45.365986
45.503855
45.64898
45.728798
45.844898
45.982766
46.106122
46.185941
46.273016
46.403628
46.505215
46.621315
46.722902
46.846259
46.947846
47.056689
47.165533
47.608163
48.072562
48.536961
48.994104
49.11746
49.262585
49.378685
49.473016
49.603628
49.719728
49.835828
49.951927
50.068027
50.169615
50.271202
50.387302
50.517914
50.626757
50.75737
51.265306
51.424943
51.526531
51.649887
51.765986
52.215873
52.368254
52.477098
52.585941
52.694785
52.839909
52.941497
53.05034
53.151927
53.28254
53.398639
53.514739
53.601814
53.754195
53.863039
53.971882
54.109751
54.211338
54.356463
54.45805
54.835374
55.379592
56.018141
56.526077
57.208163
57.766893
58.398186
59.014966
59.385034
