0.15
0.47
1.36
1.67
4.76
5.02
5.79
6.05
8.82
9.04
9.76
9.99
10.73
10.93
11.37
11.85
12.66
12.88
13.1
13.32
13.53
13.78
14.03
14.25
14.45
14.68
14.9
15.11
15.33
15.56
15.79
16.0
16.23
16.47
16.69
16.9
17.11
17.32
17.53
17.75
17.95
18.14
18.35
18.56
18.76
18.97
19.16
19.35
19.54
19.7
19.91
20.12
20.32
20.53
20.71
20.89
21.09
21.25
21.46
21.64
21.83
22.0
22.2
22.36
22.95
23.14
23.289615
23.57
24.47
24.67
24.891791
25.05
25.96
26.145669
26.73
26.958367
27.48
27.69
28.28
28.490884
28.7
28.91
29.512562
29.8
30.02
30.209161
31.0
31.26
31.355646
31.486259
31.61
31.72
31.99
32.25
32.5
32.76
33.541224
33.8
34.03
34.31
34.55
34.821224
35.58
35.82
39.38
39.65
40.49
40.74
41.57
41.86
42.76
43.05
43.98
44.28
44.63
45.09
