0.15
0.46
1.38
1.67
4.75
5.04
5.84
6.09
8.83
9.07
9.75
10.01
10.69
10.89
11.39
11.85
12.59
12.87
13.1
13.32
13.56
13.78
14.0
14.24
14.42
14.66
14.93
15.14
15.32
15.57
15.78
16.01
16.230748
16.45
16.67
16.92
17.13
17.33
17.54
17.69
17.96
18.16
18.34
18.56
18.76
18.95
19.16
19.35
19.53
19.74
19.93
20.12
20.28
20.5
20.67
20.88
21.07
21.27
21.44
21.62
21.81
22.02
22.18
22.36
22.98
23.14
23.336054
23.54
24.46
24.63
24.845351
25.01
25.93
26.17
26.72
26.911927
27.48
27.701406
28.28
28.514104
30.47
30.73
31.47
31.7
31.950658
32.252517
35.06
35.33
36.07
36.339229
37.2
37.46
37.74
38.01
39.13
40.21
41.29
42.46
43.7
45.16
