0.18
0.52
0.79
1.06
1.38
1.71
2.0
2.21
2.55
2.85
3.134694
3.41
3.69
3.95
4.26
4.54
4.76
5.04
5.29415
5.56
5.79
6.02
6.32
6.61
6.849887
7.11
7.37
7.61
7.83
8.09
8.266304
8.59
8.84
9.1
9.311202
9.520181
9.74
10.0
10.25
10.48
10.7
10.93
11.16
11.39
11.487347
11.63102
11.75
11.88
12.11
12.38
12.62
12.85
13.08
13.34
13.57
13.8
14.04
14.26
14.48
14.71
14.93
15.17
15.36
15.59
15.81
16.05
16.26
16.48
16.69
16.88
17.13
17.32
17.55
17.75
17.97
18.19
18.33
18.6
18.75
18.96
19.16
19.37
19.54
19.74
19.95
20.12
20.29
20.53
20.68
20.9
21.07
21.27
21.44
21.662041
21.74
21.851429
21.916735
22.02
22.2
22.37
22.56
22.78
23.353469
23.516735
23.68
23.89
24.05
24.29
24.816327
25.01
25.17551
25.37
25.55
25.76
26.220408
26.34
26.49
26.92
27.09
27.32
27.7
27.87
28.08
28.473469
29.08
29.33
29.54
29.73
30.05
30.26
33.04
33.28
33.44
33.55
33.66
33.81
34.09
34.31
34.55
34.83
35.08
35.33
35.56
35.84
36.14
36.36
36.6
36.9
37.69
37.98
38.275918
38.517551
38.82
39.08
39.921633
40.19
40.783673
41.02
41.31
42.13
42.41
43.023673
43.3
43.61
44.68
45.09
46.56
