0.18
0.44
1.37
1.68
2.53
2.85
3.134694
3.39
3.715193
3.97
4.21
4.481451
4.78
5.03
5.82
6.06
6.86
7.058866
7.36
7.569705
7.85
8.057324
8.35
8.57
8.83
9.06
9.79
10.02
10.71
10.91
11.41
11.87
12.62
12.86
13.09
13.34
13.56
13.81
14.03
14.26
14.49
14.69
14.92
15.15
15.35
15.59
15.81
16.03
16.26
16.46
16.69
16.89
17.1
17.33
17.55
17.75
17.95
18.16
18.33
18.56
18.76
18.96
19.15
19.35
19.55
19.75
19.97
20.15
20.33
20.53
20.71
20.89
21.09
21.26
21.44
21.62
21.8
21.99
22.2
22.36
22.55
22.75
23.289615
23.49
23.637914
23.89
24.07
24.28
24.775692
25.0
25.170431
25.41
25.59
25.77
26.19
26.33
26.57
26.9
27.04
27.3
27.702857
27.88
28.1
28.48
29.55
29.8
29.99
30.25
31.0
31.21
31.307755
31.47
31.58
31.72
32.0
32.22
33.04
33.31
33.43
33.55
33.71
33.81
34.063673
34.31
34.56
34.81
35.056327
35.33
35.59
35.84
36.12
36.38
37.15
37.43
37.69
37.94
38.217143
38.51
39.36
39.64
40.45
40.69
41.61
41.9
42.72
43.01
43.95
44.31
44.65
45.12
