0.120454
0.412154
1.168254
1.410612
4.030113
4.243447
4.987937
5.198367
7.881723
8.138594
8.932426
9.158821
9.835102
10.123900
10.605714
11.126712
11.897324
12.145488
12.395102
12.620045
12.876916
13.101859
13.352925
13.586576
13.826032
14.050975
14.300590
14.534240
14.786757
15.014603
15.254059
15.506576
15.743129
15.998549
16.214785
16.451338
16.695147
16.953469
17.166803
17.412063
17.660227
17.876463
18.107211
18.362630
18.590476
18.829932
19.057778
19.304490
19.551202
19.799365
20.041723
20.249252
20.497415
20.754286
20.973424
21.205624
21.440726
21.674376
21.894966
22.066213
22.395646
22.658322
22.890522
23.141587
23.891882
24.153107
24.391111
24.662494
25.868481
26.099229
26.354649
26.630385
27.810249
28.046803
28.823220
29.061224
29.824580
30.088707
30.843356
31.075556
31.346939
31.613968
32.375873
32.626939
32.925896
33.166803
33.875011
34.130431
34.211701
34.281361
34.382948
34.512109
34.663039
34.837188
35.130340
35.394467
35.662948
36.416145
36.681723
36.929887
37.150476
37.420408
37.697596
38.429025
38.719274
41.912018
42.215329
42.983039
43.238458
44.026485
44.293515
45.024943
45.303583
46.111927
46.362993
46.656145
47.079909
