0.108844
0.402721
1.150113
1.414966
3.998186
4.252154
4.952381
5.231746
7.923810
8.141497
8.838095
9.171882
9.875737
10.107937
10.615873
11.127438
11.890068
12.114286
12.386395
12.604082
12.843537
13.087347
13.313741
13.561905
13.794830
14.029932
14.310748
14.532789
14.780952
15.011701
15.251156
15.514558
15.751837
16.004354
16.254694
16.465850
16.687891
16.838095
17.131973
17.375782
17.632653
17.863401
18.115918
18.370612
18.599184
18.811429
19.053061
19.320816
19.542857
19.771429
20.016327
20.231837
20.460408
20.737959
20.950204
21.185306
21.443265
21.694694
21.946122
22.155102
22.393469
22.589388
22.876735
23.164082
23.895510
24.133878
24.323265
24.630204
25.831837
26.063673
26.347755
26.582857
27.784490
28.016327
28.809796
29.077551
29.786122
30.063673
30.834286
31.085714
33.355102
33.639184
34.406531
34.651429
34.938776
35.203265
37.897143
38.213878
38.919184
39.239184
39.921633
40.189388
40.414694
40.675918
41.671837
42.716735
43.751837
44.793469
45.808980
46.977959
