0.166893
0.413605
0.682086
0.936054
1.175510
1.400454
1.658050
1.835828
2.089796
2.354649
2.619501
2.833560
3.058503
3.294331
3.526531
3.791383
4.019955
4.263039
4.513379
4.770975
4.945125
5.209977
5.460317
5.707029
5.964626
6.254875
6.490703
6.733787
6.958730
7.212698
7.444898
7.684354
7.934694
8.195918
8.457143
8.696599
8.907029
9.153741
9.462132
9.676190
9.886621
10.122449
10.405442
10.630385
10.808163
10.942404
11.145578
11.421315
11.635374
11.885714
12.117914
12.379138
12.622222
12.861678
13.082993
13.307937
13.572789
13.823129
14.048073
14.298413
14.526984
14.759184
14.998639
15.252608
15.499320
15.738776
15.949206
16.203175
16.439002
16.682086
16.921542
17.153741
17.407710
17.650794
17.882993
18.136961
18.354649
18.590476
18.826304
19.054875
19.341497
19.544671
19.776871
20.034467
20.266667
20.495238
20.741950
20.966893
21.220862
21.449433
21.678005
21.913832
22.153288
22.312925
22.436281
22.519728
22.653968
22.882540
23.132880
23.379592
23.662585
24.420862
24.660317
24.899773
25.168254
25.396825
25.625397
26.372789
26.575964
26.844444
27.054875
27.294331
27.573696
28.143311
28.360998
28.600454
29.024943
29.282540
29.561905
30.127891
30.367347
30.617687
31.114739
31.869388
32.152381
32.399093
32.602268
32.881633
33.131973
35.896599
36.194104
36.313832
36.444444
36.542404
36.654875
36.934240
37.173696
37.405896
37.674376
37.950113
38.178685
38.418141
38.672109
38.980499
39.201814
39.430385
39.695238
40.435374
40.714739
40.965079
41.211791
41.454875
41.705215
42.521542
42.764626
43.261678
43.508390
43.787755
44.578685
44.825397
45.326077
45.554649
45.855782
46.650340
46.958730
48.732880
