0.137143
0.386032
1.086984
1.351111
2.087619
2.346667
2.580317
2.854603
3.037460
3.296508
3.560635
3.753651
4.007619
4.226032
4.937143
5.206349
5.947937
6.242540
6.430476
6.740317
6.913016
7.182222
7.410794
7.674921
7.893333
8.157460
8.868571
9.137778
9.914921
10.138413
10.600635
11.098413
11.885714
12.124444
12.353016
12.601905
12.825397
13.089524
13.307937
13.572063
13.805714
14.059683
14.288254
14.511746
14.755556
15.014603
15.243175
15.492063
15.715556
15.969524
16.208254
16.446984
16.675556
16.929524
17.183492
17.396825
17.660952
17.869206
18.123175
18.372063
18.610794
18.839365
19.057778
19.311746
19.520000
19.784127
20.022857
20.256508
20.495238
20.713651
20.952381
21.180952
21.414603
21.663492
21.917460
22.186667
22.405079
22.638730
22.882540
23.111111
23.365079
23.634286
24.380952
24.629841
24.873651
25.107302
25.356190
25.610159
26.351746
26.560000
26.813968
27.067937
27.286349
27.570794
28.093968
28.388571
28.612063
29.114921
29.363810
29.597460
30.120635
30.344127
30.598095
31.100952
32.309841
32.609524
32.888889
33.117460
33.864127
34.138413
34.255238
34.392381
34.514286
34.631111
34.864762
35.118730
35.895873
36.099048
36.297143
36.403810
36.530794
36.652698
36.921905
37.160635
37.434921
37.663492
37.953016
38.176508
38.415238
38.679365
38.923175
39.172063
39.918730
40.208254
40.441905
40.690794
40.939683
41.173333
41.940317
42.229841
42.961270
43.271111
43.982222
44.302222
45.048889
45.292698
46.085079
46.364444
46.648889
46.907937
