0.139320
0.448435
1.249524
1.497687
4.266667
4.501769
5.285442
5.524898
8.289524
8.559456
9.334422
9.600000
10.353197
10.592653
11.097687
11.594014
12.403810
12.673741
12.939320
13.191837
13.440000
13.692517
13.949388
14.188844
14.428299
14.706939
14.915918
15.151020
15.425306
15.669116
15.912925
16.152381
16.413605
16.657415
16.922993
17.158095
17.388844
17.637007
17.863401
18.120272
18.359728
18.616599
18.864762
19.104218
19.330612
19.578776
19.822585
20.079456
20.314558
20.567075
20.771701
21.059048
21.307211
21.542313
21.768707
22.012517
22.256327
22.487075
22.709116
22.979048
23.218503
23.462313
23.727891
23.958639
24.755374
25.007891
25.282177
25.521633
26.758095
26.997551
27.280544
27.554830
28.773878
29.061224
29.788299
30.045170
30.789660
31.059592
31.821497
32.078367
32.343946
32.618231
33.428027
33.689252
33.989660
34.224762
34.956190
35.208707
35.346576
35.488798
35.601995
35.770340
36.034467
36.246349
36.530794
36.815238
37.625034
37.889161
38.188118
38.434830
38.701859
38.992109
39.738050
40.028299
43.386485
43.705760
44.469116
44.736145
45.505306
45.792653
46.521179
46.794014
47.563175
47.867937
48.123356
48.454240
