0.137143
0.496327
1.208163
1.495510
4.251429
4.532245
5.257143
5.537959
8.267755
8.548571
9.312653
9.560816
10.285714
10.573061
11.056327
11.624490
12.421224
12.721633
12.950204
13.159184
13.426939
13.655510
13.903673
14.145306
14.413061
14.641633
14.935510
15.170612
15.425306
15.660408
15.915102
16.156735
16.404898
16.574694
16.888163
17.149388
17.384490
17.619592
17.900408
18.089796
18.351020
18.618776
18.860408
19.102041
19.343673
19.565714
19.813878
20.088163
20.329796
20.564898
20.806531
21.061224
21.283265
21.544490
21.779592
22.014694
22.243265
22.504490
22.772245
23.007347
23.229388
23.484082
23.745306
24.039184
24.737959
25.018776
25.306122
25.541224
26.755918
26.997551
27.258776
27.506939
28.754286
29.133061
29.773061
30.060408
30.791837
31.072653
31.823673
32.104490
34.409796
34.716735
35.500408
35.768163
36.048980
36.310204
39.222857
39.490612
40.287347
40.574694
41.280000
41.508571
41.808980
42.102857
43.160816
44.186122
45.217959
46.295510
47.346939
48.444082
