0.174150
0.446259
0.716553
0.988662
1.206349
1.478458
1.786848
2.029932
2.245805
2.508844
2.782766
3.034921
3.259864
3.506576
3.751474
4.030839
4.244898
4.518821
4.787302
5.015873
5.237188
5.502041
5.826757
6.044444
6.292971
6.552381
6.853515
7.085714
7.317914
7.544671
7.813152
8.063492
8.315646
8.604082
8.879819
9.102948
9.313379
9.614512
9.864853
10.111565
10.343764
10.581406
10.857143
11.107483
11.263492
11.388662
11.473923
11.631746
11.883900
12.154195
12.415420
12.662132
12.917914
13.177324
13.413152
13.685261
13.944671
14.175057
14.427211
14.664853
14.917007
15.189116
15.412245
15.655329
15.911111
16.170522
16.415420
16.658503
16.903401
17.141043
17.384127
17.648980
17.884807
18.133333
18.372789
18.632200
18.860771
19.094785
19.334240
19.588209
19.838549
20.092517
20.324717
20.562358
20.803628
21.037642
21.291610
21.525624
21.772336
22.015420
22.273016
22.510658
22.737415
22.987755
23.140136
23.261678
23.346939
23.472109
23.718821
23.974603
24.228571
24.500680
25.242630
25.518367
25.772336
26.013605
26.274830
26.543311
27.274376
27.515646
27.780499
28.023583
28.290249
28.536961
29.048526
29.291610
29.590930
30.057143
30.331066
30.619501
31.112925
31.377778
31.633560
32.128798
32.899773
33.179138
33.433107
33.676190
33.951927
34.209524
37.095692
37.384127
37.520181
37.668934
37.772336
37.893878
38.191383
38.418141
38.697506
38.953288
39.234467
39.481179
39.736961
40.030839
40.335601
40.556916
40.807256
41.090249
41.843084
42.126077
42.365533
42.646712
42.904308
43.196372
43.947392
44.235828
44.732880
44.994104
45.273469
46.013605
46.352834
46.795465
47.069388
47.392290
48.159637
48.466213
49.922902
