0.215873
0.451701
1.190023
1.471202
2.274830
2.539683
2.773696
3.036735
3.250794
3.522902
3.760544
4.010884
4.248526
4.526077
5.251701
5.502041
6.294785
6.566893
6.784580
7.042177
7.325170
7.564626
7.811338
8.059864
8.297506
8.540590
9.338776
9.590930
10.340136
10.585034
11.074830
11.606349
12.382766
12.653061
12.912472
13.160998
13.409524
13.676190
13.906576
14.158730
14.403628
14.663039
14.918821
15.158277
15.401361
15.649887
15.896599
16.157823
16.399093
16.622222
16.885261
17.139229
17.402268
17.638095
17.884807
18.122449
18.354649
18.599546
18.860771
19.116553
19.346939
19.586395
19.822222
20.063492
20.301134
20.540590
20.785488
21.032200
21.293424
21.514739
21.770522
22.013605
22.253061
22.496145
22.746485
22.985941
23.236281
23.479365
23.718821
23.967347
24.204989
24.486168
25.240816
25.507483
25.752381
26.011791
26.271202
26.532426
27.263492
27.521088
27.765986
28.007256
28.266667
28.529705
29.023129
29.306122
29.565533
30.106122
30.331066
30.568707
31.073016
31.290703
31.580952
32.097959
33.409524
33.672562
33.962812
34.193197
34.967800
35.238095
35.370522
35.492063
35.642630
35.738776
35.998186
36.246712
37.093878
37.351474
37.483900
37.614512
37.730612
37.902948
38.169615
38.414512
38.681179
38.946032
39.236281
39.490249
39.742404
40.005442
40.275737
40.520635
41.355102
41.621769
41.852154
42.100680
42.365533
42.623129
43.448526
43.704308
44.471655
44.736508
45.520181
45.797732
46.546939
46.831746
47.644444
47.878458
48.139683
48.449887
