0.179955
0.606621
0.696599
0.952018
1.204535
1.959184
2.081088
2.179773
2.30458
2.449705
2.554195
2.681905
3.378503
3.480091
3.610703
3.741315
4.240544
4.699138
5.21288
5.691791
6.193923
6.678639
6.957279
7.160454
7.401361
7.65678
9.113832
9.514376
9.665306
9.885896
10.11229
10.884354
11.009161
11.119456
11.209433
11.348753
11.456145
11.563537
11.830567
11.935057
12.030839
12.138231
12.268844
12.384943
12.492336
12.953832
13.406621
13.641723
13.876825
14.132245
14.370249
15.795374
16.210431
16.320726
16.567438
16.82576
17.539773
17.661678
17.76907
17.902585
18.033197
18.12898
18.256689
18.906848
19.017143
19.127438
19.22322
19.667302
20.152018
20.314558
20.63093
21.109841
21.623583
22.082177
22.357914
22.575601
22.79619
23.048707
24.508662
24.885986
25.004989
25.245896
25.4839
26.235646
26.348844
26.456236
26.598458
26.70585
26.813243
26.920635
27.048345
27.176054
27.280544
27.376327
27.521451
27.617234
27.736236
27.843628
28.325442
28.763719
29.004626
29.236825
29.466122
29.712834
31.082812
31.480454
31.613968
31.89551
32.121905
32.873651
33.004263
33.100045
33.216145
33.358367
33.459955
33.590567
34.069478
34.287166
34.545488
35.099864
36.292789
36.551111
37.035828
37.793379
37.958821
38.066213
38.222948
38.362268
38.440635
38.533515
38.701859
38.852789
38.939864
39.044354
39.151746
39.299773
39.410068
39.572608
40.063129
40.431746
40.530431
40.768435
41.009342
41.723356
41.874286
42.01941
42.126803
42.237098
42.33288
42.457687
42.710204
42.939501
43.189116
43.432925
43.937959
44.887075
45.421134
