2.194286
2.573061
2.690612
2.971429
3.239184
3.977143
4.094694
4.218776
4.323265
4.460408
4.558367
4.708571
4.963265
5.433469
5.675102
5.942857
6.406531
6.661224
6.922449
7.14449
7.399184
7.621224
7.79102
8.124082
8.515918
8.613878
8.914286
9.16898
9.795918
9.933061
10.037551
10.155102
10.246531
10.383673
10.481633
10.592653
10.840816
10.971429
11.09551
11.226122
11.337143
11.435102
11.539592
11.676735
11.820408
11.931429
12.042449
12.140408
12.27102
12.382041
12.512653
12.649796
12.760816
13.191837
13.420408
13.527075
13.644626
14.110476
14.389116
14.619864
14.841905
15.077007
15.342585
17.754558
18.089796
18.224762
18.485986
18.742857
19.461224
19.578776
19.687619
19.818231
19.940136
20.027211
20.166531
20.532245
20.863129
21.093878
21.385578
21.76
22.073469
22.33034
22.556735
22.813605
23.035646
23.518912
23.88898
23.989116
24.276463
24.524626
25.282177
25.404082
25.512925
25.637732
25.748027
25.852517
25.983129
26.238549
26.345941
26.473651
26.610068
26.685533
26.81034
26.923537
27.097687
27.176054
27.280544
27.390839
27.518549
27.608526
27.713016
27.852336
28.003265
28.093243
28.531519
28.755011
28.891429
29.001723
29.419683
29.692517
29.942132
30.162721
30.412336
30.682268
32.089977
32.476009
32.612426
32.838821
33.08263
33.854694
33.988209
34.083991
34.208798
34.321995
34.406168
35.073741
35.334966
35.59619
36.104127
37.218685
37.529252
38.533515
39.018231
39.412971
39.531973
39.816417
40.089252
40.780045
40.90195
41.01805
41.14576
41.279274
41.369252
41.491156
41.749478
41.993288
42.231293
42.480907
43.165896
43.41551
43.67093
44.155646
44.422676
44.698413
45.101859
45.386304
45.679456
45.931973
46.201905
46.587937
