0.25
0.47
1.26
1.51
4.27
4.54
5.27
5.51
8.27
8.58
9.3
9.55
10.3
10.55
11.05
11.56
12.38
12.61
12.87
13.11
13.34
13.6
13.84
14.07
14.34
14.57
14.79
15.02
15.28
15.46
15.74
16.0
16.253968
16.5
16.73
16.97
17.2
17.44
17.67
17.9
18.15
18.38
18.56
18.87
19.1
19.34
19.59
19.82
20.06
20.29
20.53
20.77
21.01
21.27
21.51
21.69
21.99
22.22
22.47
22.7
22.94
23.19
23.46
23.777234
24.45
24.65
24.938231
25.27
26.43
26.68
26.958367
27.23
28.42
28.653424
29.43
29.675102
30.53
30.74322
31.5
31.741678
32.02
32.29
33.065215
33.36
33.622494
33.84
34.62
34.86
35.04
35.149206
35.25
35.36
35.636825
35.88
36.15
36.43
37.231746
37.49
37.72
38.00381
38.21
38.521905
39.25
39.639365
42.89
43.17
43.94
44.2
44.96
45.22
45.95
46.24
47.02
47.29
47.52
47.87
