0.19
0.51
1.26
1.52
4.24
4.58
5.29
5.596009
8.26
8.53
9.29
9.57
10.26
10.55
11.05
11.56
12.37
12.63
12.86
13.09
13.36
13.59
13.8
14.05
14.32
14.51
14.82
15.04
15.3
15.5
15.77
16.02
16.25
16.5
16.75
16.97
17.17
17.45
17.71
17.92
18.16
18.42
18.66
18.89
19.12
19.32
19.56
19.82
20.07
20.31
20.56
20.81
21.05
21.29
21.51
21.74
21.94
22.21
22.46
22.69
22.95
23.18
23.44
23.69
24.43
24.69
24.961451
25.23
26.42
26.67
26.9
27.18
28.4
28.76
29.42
29.651882
30.45
30.76644
31.52
31.788118
34.06
34.37
35.13
35.34
35.61
35.87
38.76
39.02
39.78
40.03
40.85
41.11
41.34
41.59
42.7
43.7
44.71
45.78
46.81
47.92
