0.14
0.46
0.77
1.01
1.24
1.53
1.82
2.06
2.29
2.52
2.81
3.08
3.29
3.58
3.76
4.07
4.29
4.55
4.783311
5.03
5.28
5.53
5.81
6.07
6.3
6.617687
6.85
7.06
7.29
7.52
7.801905
8.09
8.3
8.56
8.85
9.06
9.3
9.58
9.82
10.0078
10.26
10.55
10.82
11.03
11.2
11.319728
11.42
11.57
11.83
12.12
12.37
12.62
12.88
13.08
13.35
13.61
13.84
14.07
14.31
14.55
14.79
15.05
15.28
15.53
15.77
16.02
16.25
16.48
16.72
16.94
17.21
17.47
17.61
17.92
18.16
18.39
18.64
18.87
19.08
19.35
19.59
19.79
20.05
20.3
20.55
20.8
21.0
21.28
21.51
21.74
21.98
22.23
22.47
22.73
22.88
22.987755
23.08
23.21
23.45
23.71
23.95
24.2
24.97
25.22
25.46
25.73
25.92
26.21
26.877098
27.16
27.480816
27.69
27.9
28.19
28.653424
28.9
29.22
29.73
29.96
30.24
30.73161
30.98
31.27
31.764898
32.56
32.84
33.09
33.31
33.63
33.866304
36.7
36.94
37.14
37.244807
37.34
37.45
37.75
37.986395
38.24
38.53
38.8
39.04
39.24
39.56
39.84
40.05
40.35
40.63
41.35
41.61
41.88
42.129705
42.376417
42.68
43.435828
43.73
44.19
44.47
44.72
45.47
45.7
46.229478
46.48
46.78
47.58
47.87
49.38
