0.18
0.44
1.22
1.49
2.28
2.54
2.78
3.03
3.320454
3.54
3.76
3.993832
4.27
4.52
5.27
5.5
6.3
6.548027
6.78
7.03
7.29
7.546485
7.79
8.02
8.23
8.54
9.27
9.52
10.28
10.55
11.03
11.54
12.35
12.58
12.84
13.09
13.32
13.58
13.81
14.06
14.31
14.53
14.8
15.04
15.27
15.5
15.76
16.0
16.25
16.5
16.73
16.95
17.22
17.43
17.65
17.9
18.13
18.37
18.59
18.86
19.1
19.33
19.54
19.79
20.06
20.29
20.53
20.78
20.98
21.26
21.5
21.73
21.96
22.18
22.45
22.65
22.94
23.2
23.43
23.68
23.93
24.2
24.984671
25.2
25.47229
25.7
25.94
26.22
26.911927
27.2
27.42
27.67
27.85
28.14
28.66
28.93
29.22
29.69
29.98
30.24
30.76644
30.96
31.25
31.834558
33.08
33.35
33.66
33.87
34.61
34.86
35.01
35.134694
35.24
35.34
35.622313
35.88
36.7
36.96
37.1
37.207075
37.31
37.43
37.738231
37.99
38.26
38.51
38.76
39.01
39.27
39.54
39.79
40.07
40.85
41.12
41.38
41.62
41.9
42.12
42.93
43.18
43.91
44.18
44.96
45.23
45.99
46.236735
47.03
47.27
47.55
47.86
