0.156735
0.452789
1.227755
1.484626
4.240544
4.506122
5.254966
5.520544
8.350476
8.650884
9.421497
9.700136
10.444626
10.731973
11.237007
11.759456
12.591020
12.856599
13.122177
13.383401
13.622857
13.884082
14.154014
14.393469
14.654694
14.907211
15.151020
15.386122
15.647347
15.895510
16.152381
16.404898
16.661769
16.896871
17.158095
17.397551
17.641361
17.893878
18.150748
18.372789
18.629660
18.869116
19.121633
19.369796
19.604898
19.883537
20.114286
20.375510
20.623673
20.858776
21.115646
21.385578
21.616327
21.860136
22.117007
22.343401
22.574150
22.839728
23.083537
23.340408
23.605986
23.854150
24.111020
24.337415
25.151565
25.395374
25.665306
25.961361
27.206531
27.472109
27.750748
28.055510
29.265850
29.548844
30.293333
30.545850
31.360000
31.660408
32.422313
32.653061
32.970884
33.249524
34.015782
34.316190
34.577415
34.847347
35.622313
35.883537
36.035556
36.165079
36.317460
36.454603
36.749206
36.960000
37.274921
37.592381
38.387302
38.671746
38.956190
39.215238
39.492063
39.773968
40.558730
40.896508
44.220952
44.502857
45.300317
45.566984
46.351746
46.641270
47.431111
47.705397
48.485079
48.764444
49.015873
49.363810
