0.156735
0.446984
1.219048
1.497687
4.231837
4.510476
5.288345
5.561179
8.370794
8.643628
9.415692
9.705941
10.414150
10.710204
11.244263
11.772517
12.602630
12.863855
13.101859
13.351474
13.566259
13.844898
14.094512
14.332517
14.599546
14.866576
15.127800
15.377415
15.638639
15.870839
16.126259
16.410703
16.642902
16.898322
17.136327
17.385941
17.641361
17.896780
18.128980
18.378594
18.622404
18.895238
19.150658
19.377052
19.620862
19.847256
20.120091
20.358095
20.636735
20.874739
21.141769
21.362358
21.611973
21.896417
22.111202
22.337596
22.598821
22.836825
23.115465
23.341859
23.585669
23.817868
24.102313
24.392562
25.089161
25.367800
25.658050
25.901859
27.173152
27.475011
27.753651
27.980045
29.280363
29.529977
30.273016
30.551655
31.341134
31.619773
32.432472
32.722721
35.050522
35.352381
36.153469
36.403084
36.774603
36.954558
40.013787
40.292426
41.093515
41.395374
42.057143
42.225488
42.602812
42.875646
43.949569
45.046712
46.091610
47.165533
48.251066
49.406259
