0.183220
0.444444
0.720181
0.981406
1.217234
1.485714
1.792290
1.995465
2.249433
2.499773
2.779138
2.989569
3.267120
3.513832
3.764172
3.970975
4.243084
4.511565
4.774603
5.039456
5.253515
5.529252
5.846712
6.098866
6.356463
6.614059
6.873469
7.136508
7.386848
7.602721
7.894785
8.166893
8.391837
8.683900
8.965079
9.193651
9.429478
9.705215
9.924717
10.224036
10.468934
10.717460
10.971429
11.219955
11.404989
11.530159
11.619048
11.764172
12.043537
12.321088
12.591383
12.848980
13.119274
13.375057
13.634467
13.890249
14.129705
14.363719
14.628571
14.877098
15.132880
15.421315
15.651701
15.892971
16.161451
16.404535
16.642177
16.888889
17.128345
17.400454
17.638095
17.890249
18.138776
18.370975
18.621315
18.880726
19.143764
19.381406
19.642630
19.878458
20.116100
20.388209
20.616780
20.874376
21.117460
21.355102
21.619955
21.853968
22.117007
22.363719
22.608617
22.849887
23.087528
23.334240
23.512018
23.633560
23.735147
23.834921
24.067120
24.341043
24.605896
24.881633
25.639909
25.897506
26.162358
26.416327
26.670295
26.953288
27.715193
27.970975
28.252154
28.457143
28.751020
29.015873
29.601814
29.828571
30.084354
30.604989
30.839002
31.125624
31.678912
31.963719
32.204989
32.751020
33.436735
33.761451
34.017234
34.287528
34.554195
34.848073
37.897506
38.149660
38.303855
38.456236
38.511020
38.666122
38.971429
39.175510
39.479184
39.751837
40.000000
40.257959
40.532245
40.791837
41.072653
41.283265
41.534694
41.833469
42.577959
42.891429
43.175510
43.413878
43.686531
43.965714
44.755918
44.973061
45.577143
45.848163
46.115918
46.889796
47.165714
47.653878
47.923265
48.251429
49.092245
49.402449
51.022041
