0.144762
0.424127
1.198730
1.460317
2.229841
2.516825
2.763175
3.027302
3.235556
3.479365
3.758730
3.987302
4.238730
4.485079
5.274921
5.533968
6.341587
6.613333
6.844444
7.095873
7.344762
7.629206
7.873016
8.126984
8.380952
8.624762
9.412063
9.668571
10.488889
10.727619
11.202540
11.761270
12.561270
12.830476
13.104762
13.351111
13.622857
13.879365
14.113016
14.359365
14.620952
14.852063
15.133968
15.380317
15.624127
15.870476
16.139683
16.386032
16.645079
16.886349
17.135238
17.368889
17.630476
17.876825
18.120635
18.377143
18.623492
18.882540
19.113651
19.375238
19.631746
19.880635
20.121905
20.358095
20.617143
20.850794
21.107302
21.348571
21.600000
21.833651
22.092698
22.328889
22.603175
22.839365
23.106032
23.349841
23.591111
23.845079
24.091429
24.335238
24.591746
24.845714
25.584762
25.889524
26.151111
26.425397
26.676825
26.961270
27.707937
27.972063
28.233651
28.482540
28.759365
29.043810
29.526349
29.798095
30.092698
30.585397
30.849524
31.121270
31.626667
31.888254
32.187937
32.695873
34.001270
34.288254
34.557460
34.821587
35.613968
35.900952
36.066032
36.190476
36.314921
36.454603
36.711111
36.975238
37.848889
38.107937
38.252698
38.366984
38.501587
38.666667
38.963810
39.202540
39.461587
39.735873
40.005079
40.251429
40.490159
40.733968
41.015873
41.290159
42.072381
42.351746
42.626032
42.874921
43.133968
43.393016
44.215873
44.492698
45.254603
45.544127
46.341587
46.623492
47.387937
47.682540
48.497778
48.789841
49.076825
49.381587
