0.177052
0.597914
0.740136
1.012971
1.320635
2.011429
2.142041
2.263946
2.38585
2.504853
2.626757
2.777687
3.535238
3.651338
3.787755
3.89805
4.400181
4.93424
5.433469
5.950113
6.463855
6.954376
7.256236
7.473923
7.723537
7.967347
9.450522
9.813333
9.932336
10.196463
10.46059
11.209433
11.319728
11.430023
11.546122
11.665125
11.795737
11.911837
12.178866
12.280454
12.413968
12.532971
12.646168
12.744853
12.875465
13.368889
13.82458
14.111927
14.32381
14.582132
14.831746
16.233651
16.544218
16.68644
16.927347
17.203084
17.82712
17.949025
18.056417
18.158005
18.317642
18.413424
18.532426
19.182585
19.324807
19.438005
19.879184
20.46839
20.932789
21.382676
21.849977
22.308571
22.529161
22.755556
23.002268
23.208345
24.56381
24.880181
25.004989
25.274921
25.501315
26.186304
26.322721
26.433016
26.531701
26.653605
26.7639
26.871293
27.115102
27.210884
27.329887
27.425669
27.556281
27.675283
27.765261
28.191927
28.659229
28.885624
29.094603
29.344218
29.59093
30.931882
31.265669
31.387574
31.631383
31.869388
32.548571
32.676281
32.795283
32.905578
33.010068
33.131973
33.265488
33.747302
33.947574
34.191383
34.65288
35.842902
36.104127
36.571429
37.331882
37.468299
37.566984
37.683084
37.799184
37.909478
38.045896
38.159093
38.266485
38.368073
38.495782
38.62059
38.727982
38.844082
39.047256
39.555193
39.967347
40.100862
40.362086
40.640726
41.415692
41.549206
41.671111
41.807528
41.929433
42.062948
42.190658
42.457687
42.692789
42.951111
43.221043
43.7522
44.782585
45.319546
