2.281361
2.69932
2.81542
3.108571
3.340771
4.165079
4.292789
4.408889
4.536599
4.664308
4.780408
4.919728
5.25932
5.709206
5.996553
6.263583
6.725079
6.948571
7.212698
7.456508
7.73805
7.955737
8.437551
8.835193
8.942585
9.209615
9.473741
10.237098
10.376417
10.4722
10.591202
10.727619
10.832109
10.954014
11.226848
11.337143
11.435828
11.56644
11.699955
11.798639
11.937959
12.202086
12.323991
12.416871
12.550385
12.666485
12.77678
12.907392
13.040907
13.188934
13.644626
13.914558
14.024853
14.158367
14.596644
14.854966
15.098776
15.319365
15.577687
15.830204
18.007075
18.407619
18.520816
18.773333
19.008435
19.702132
19.838549
19.951746
20.044626
20.195556
20.300045
20.43356
20.729615
21.176599
21.405896
21.635193
22.067664
22.282449
22.552381
22.761361
22.990658
23.23737
23.681451
24.018141
24.142948
24.349025
24.587029
25.260408
25.382313
25.469388
25.605805
25.730612
25.835102
25.945397
26.226939
26.334331
26.403991
26.522993
26.656508
26.772608
26.88
27.13542
27.242812
27.324082
27.434376
27.538866
27.649161
27.771066
27.910385
28.040998
28.444444
28.656327
28.818866
28.937868
29.35873
29.631565
29.840544
30.058231
30.287528
30.531338
31.875193
32.238005
32.333787
32.600816
32.815601
33.483175
33.602177
33.712472
33.845986
33.979501
34.098503
34.240726
34.713832
34.919909
35.291429
35.636825
36.809433
37.067755
38.054603
38.533515
38.919546
39.055964
39.337506
39.572608
40.376599
40.504308
40.626213
40.76263
40.881633
41.003537
41.148662
41.427302
41.662404
41.926531
42.213878
42.985941
43.226848
43.511293
44.016327
44.271746
44.561995
45.029297
45.325351
45.633016
45.865215
46.129342
46.480544
