0.304762
0.936054
1.436735
1.589116
2.499048
2.651429
2.816871
2.925714
3.034558
3.195646
3.326259
3.482993
3.613605
3.73551
3.922721
4.519184
4.993741
5.150476
6.060408
6.199728
6.360816
6.500136
6.64381
6.783129
6.93551
7.061769
7.205442
7.344762
7.497143
8.115374
8.576871
8.729252
9.094966
9.752381
10.353197
10.745034
10.98449
11.293605
11.602721
12.225306
12.887075
13.239728
13.448707
13.736054
13.966803
14.341224
15.11619
15.769252
16.256871
16.422313
17.38449
17.536871
17.689252
17.819864
17.959184
18.107211
18.242177
18.416327
18.577415
18.690612
18.873469
19.469932
20.01415
20.192653
21.102585
21.254966
21.376871
21.542313
21.69034
21.842721
21.986395
22.125714
22.278095
22.413061
22.595918
23.183673
23.81932
24.167619
24.790204
25.155918
25.434558
25.743673
26.013605
26.335782
26.684082
27.006259
27.306667
27.898776
28.242721
28.434286
28.778231
29.056871
29.400816
30.785306
31.233741
31.390476
32.056599
32.478912
32.718367
32.983946
33.297415
34.642721
34.951837
35.321905
35.59619
35.861769
36.170884
36.523537
36.837007
37.150476
37.742585
38.382585
39.048707
39.222857
39.383946
39.501497
39.662585
39.788844
39.958639
40.071837
40.263401
40.951293
41.417143
41.547755
41.926531
42.087619
42.222585
42.357551
42.501224
42.640544
42.849524
43.48517
43.907483
44.072925
44.408163
44.577959
44.725986
44.887075
45.035102
45.157007
45.326803
45.679456
46.315102
46.955102
47.56898
48.387483
48.788027
49.123265
49.462857
