0.248163
0.944762
1.428027
1.554286
3.056327
3.195646
3.348027
3.469932
3.622313
3.739864
3.931429
4.527891
4.98068
5.12
6.604626
6.765714
6.909388
7.044354
7.201088
7.357823
7.514558
8.041361
8.546395
8.681361
9.051429
9.695782
10.335782
10.675374
10.954014
11.297959
11.615782
12.247075
12.874014
13.244082
13.50966
13.827483
14.11483
14.415238
15.098776
15.777959
16.391837
17.380136
17.693605
17.994014
18.255238
18.542585
18.934422
19.526531
20.127347
21.098231
21.381224
21.681633
21.964626
22.256327
22.552381
23.205442
23.810612
24.764082
25.421497
25.734966
26.057143
26.361905
26.657959
26.975782
27.289252
27.881361
28.216599
28.503946
28.786939
29.100408
29.422585
30.724354
31.233741
31.42966
31.995646
32.361361
32.714014
33.07102
33.506395
34.612245
34.977959
35.356735
35.59619
35.900952
36.170884
36.458231
36.815238
37.163537
37.768707
38.378231
39.205442
39.357823
39.501497
39.649524
39.78449
39.941224
40.089252
40.276463
40.864218
41.382313
41.504218
42.044082
42.226939
42.370612
42.514286
42.684082
42.819048
43.48517
43.937959
44.033741
44.351565
44.595374
44.747755
44.891429
45.026395
45.170068
45.344218
45.736054
46.32381
46.96381
47.599456
48.444082
48.735782
49.066667
49.52381
