0.179955
0.380227
0.949116
1.381587
1.578957
2.182676
2.365533
2.49034
2.626757
2.763175
2.922812
3.053424
3.192744
3.340771
3.474286
3.628118
3.752925
3.918367
4.519184
4.966168
5.14322
5.729524
5.915283
6.069116
6.199728
6.336145
6.475465
6.62059
6.765714
6.907937
7.055964
7.201088
7.340408
7.514558
8.115374
8.565261
8.742313
9.084807
9.700136
10.353197
10.698594
10.988844
11.340045
11.641905
12.251429
12.863855
13.209252
13.720091
13.807166
13.872472
13.937778
13.985669
14.046621
14.120635
14.21932
14.302041
14.409433
15.169887
15.786667
16.239456
16.44263
17.052154
17.240816
17.374331
17.510748
17.667483
17.830023
17.969342
18.12898
18.265397
18.416327
18.570159
18.712381
18.883628
19.255147
19.496054
19.977868
20.166531
20.755737
20.970522
21.115646
21.286893
21.417506
21.568435
21.71356
21.858685
21.995102
22.122812
22.230204
22.389841
22.584308
23.222857
23.684354
23.800454
24.19229
24.810522
25.4839
25.77415
25.988934
26.366259
26.685533
27.318277
27.884263
28.189025
28.645442
28.712925
28.768435
28.840272
28.936054
29.022041
29.117823
29.200544
29.263673
29.362721
30.121361
30.752653
31.229388
31.418776
32.023946
32.437551
32.642177
32.975238
33.323537
34.13551
34.346667
34.479456
34.627483
34.964898
35.267483
35.587483
35.946667
36.207891
36.508299
36.813061
37.128707
37.713197
37.827483
37.891701
38.001633
38.068027
38.180136
38.230204
38.361905
38.724354
38.899592
39.059592
39.195102
39.350204
39.498776
39.645714
39.782857
39.908571
40.052245
40.220408
40.891429
41.350204
41.541224
41.872653
42.045714
42.213878
42.37551
42.530612
42.666122
42.847347
43.446531
43.874286
44.071837
44.398367
44.586122
44.742857
44.868571
45.026939
45.170612
45.346939
45.684898
46.305306
46.982857
47.565714
48.491429
48.801633
49.137959
49.456327
