0.253968
0.700227
1.110204
1.244444
2.009977
2.129705
2.256689
2.365533
2.496145
2.623129
2.728345
2.858957
2.975057
3.080272
3.232653
3.733333
4.110658
4.244898
4.923356
5.057596
5.180952
5.30068
5.431293
5.558277
5.685261
5.797732
5.906576
6.019048
6.135147
6.624943
6.962358
7.085714
7.361451
7.829478
8.362812
8.620408
8.86712
9.092063
9.342404
9.828571
10.289342
10.492517
10.75737
10.993197
11.214512
11.493878
12.041723
12.487982
12.829025
12.93424
13.547392
13.66712
13.78322
13.877551
13.982766
14.084354
14.200454
14.316553
14.418141
14.523356
14.643084
15.038549
15.357823
15.444898
16.083447
16.195918
16.297506
16.406349
16.515193
16.620408
16.729252
16.827211
16.928798
17.023129
17.135601
17.567347
17.955556
18.187755
18.604989
18.808163
19.00771
19.207256
19.439456
19.646259
19.831293
20.038095
20.281179
20.687528
20.9161
21.093878
21.260771
21.463946
21.681633
22.563265
22.926077
23.455782
23.771429
23.902041
24.163265
24.380952
25.248073
25.494785
25.726984
25.955556
26.21678
26.427211
26.634014
26.895238
27.098413
27.551927
28.005442
28.506122
28.647619
28.766621
28.859501
28.969796
29.074286
29.187483
29.283265
29.40517
29.930522
30.310748
30.438458
30.711293
30.865125
30.995737
31.108934
31.230839
31.338231
31.474649
31.90712
32.246712
32.359909
32.644354
32.815601
32.952018
33.07102
33.184218
33.29161
33.401905
33.741497
34.214603
34.751565
35.303039
36.118639
36.472744
36.815238
37.207075
