0.202449
0.75102
1.142857
2.507755
2.631111
2.742857
2.844444
2.946032
3.073016
3.205079
3.697778
4.07873
5.414603
5.526349
5.643175
5.775238
5.876825
6.00381
6.115556
6.542222
6.973968
7.065397
7.324444
7.817143
8.335238
8.64
8.873651
9.097143
9.351111
9.813333
10.285714
10.544762
10.792925
11.045442
11.254422
11.52
12.025034
12.503946
12.882721
13.339864
13.574966
13.792653
14.01034
14.214966
14.419592
14.61551
15.020408
15.451429
15.851973
16.082721
16.291701
16.505034
16.714014
16.931701
17.110204
17.506395
17.946122
18.368435
18.590476
18.99102
19.226122
19.44381
19.648435
19.84
20.035918
20.262313
20.427755
20.645442
20.867483
21.072109
21.281088
21.507483
21.716463
22.548027
22.905034
23.048707
23.462313
23.693061
23.928163
24.119728
24.376599
25.295238
25.521633
25.789388
25.991837
26.220408
26.416327
26.690612
26.899592
27.075918
27.523265
28.019592
28.620408
28.737959
28.845714
28.953469
29.087347
29.188571
29.299592
29.426939
29.949388
30.29551
30.393469
30.801633
30.942041
31.056327
31.180408
31.297959
31.425306
31.902041
32.238367
32.349388
32.75102
32.868571
32.976327
33.090612
33.198367
33.319184
33.668571
34.220408
34.808163
35.24898
36.101224
36.457143
36.8
37.227755
