0.170159
0.706032
1.109841
1.244444
1.76254
1.897143
2.011429
2.128254
2.273016
2.394921
2.521905
2.631111
2.753016
2.874921
2.981587
3.083175
3.227937
3.733333
4.07873
4.213333
4.713651
4.850794
4.972698
5.086984
5.219048
5.323175
5.43746
5.564444
5.67873
5.787937
5.902222
5.99873
6.146032
6.620952
6.994286
7.111111
7.354921
7.867937
8.342857
8.586667
8.863492
9.107302
9.313016
9.787937
10.293333
10.532063
11.04
11.082086
11.159184
11.273469
11.318821
11.402268
11.484807
11.540136
12.011973
12.425578
12.808707
12.913197
13.360181
13.464671
13.572063
13.662041
13.781043
13.889887
14.003084
14.095964
14.214966
14.326712
14.428299
14.509569
14.611156
15.002993
15.349841
15.465941
15.892608
16.002902
16.107392
16.201723
16.306213
16.390385
16.493424
16.61678
16.70966
16.803991
16.886712
16.983946
17.100045
17.242268
17.541224
17.859048
18.195737
18.577415
19.012789
19.253696
19.451066
19.706485
19.892245
20.308753
20.741224
20.95746
21.302857
21.398639
21.484807
21.585488
21.639002
21.688889
21.754195
22.135147
22.588662
22.925351
23.029841
23.465215
23.791746
23.902041
24.079093
24.351927
24.933878
25.051429
25.125442
25.237188
25.502766
25.72771
25.951202
26.195011
26.386576
26.628934
26.866939
27.115102
27.553379
27.657778
27.714921
27.822585
27.880272
27.994921
28.264127
28.413968
28.523175
28.617143
28.739048
28.846984
28.95873
29.062857
29.178413
29.26585
29.44
29.502948
29.576417
29.900227
30.244898
30.377324
30.713832
30.811791
30.922449
31.042177
31.160998
31.258957
31.397732
31.866667
32.233107
32.372789
32.673923
32.777324
32.896145
33.002268
33.109297
33.229025
33.384127
33.671655
34.202268
34.780952
35.341497
36.099773
36.458957
36.837188
37.223583
41.136327
