0.165442
0.579048
0.705306
0.979592
1.266939
1.950476
2.107211
2.211701
2.359728
2.464218
2.577415
2.725442
3.487347
3.609252
3.744218
3.866122
4.349388
4.91102
5.446531
5.638095
5.942857
6.460952
6.965986
7.24898
7.497143
7.74966
7.993469
8.293878
9.621769
10.03102
10.139864
10.405442
10.657959
10.897415
11.437279
11.563537
11.676735
11.833469
11.911837
12.051156
12.161451
12.425578
12.553288
12.6839
12.785488
12.919002
13.04381
13.148299
13.688163
14.175782
14.437007
14.689524
14.942041
15.19746
16.703855
17.124717
17.252426
17.516553
17.812608
18.532426
18.668844
18.770431
18.901043
19.005533
19.115828
19.25805
19.974966
20.093968
20.215873
20.34068
20.816689
21.368163
21.88771
22.378231
22.86585
23.359274
23.623401
23.858503
24.12263
24.36644
25.910567
26.319819
26.450431
26.72907
26.97288
27.753651
27.890068
28.006168
28.11356
28.238367
28.363175
28.482177
28.743401
28.856599
28.993016
29.103311
29.233923
29.350023
29.46322
29.991474
30.470385
30.73161
30.995737
31.242449
31.500771
33.053605
33.457052
33.587664
33.875011
34.124626
34.905397
35.047619
35.157914
35.276916
35.410431
35.541043
35.691973
36.197007
36.446621
36.696236
37.253515
37.500227
38.46966
38.759909
39.322993
40.057324
40.199546
40.318549
40.417234
40.533333
40.640726
40.788753
40.896145
40.999184
41.127619
41.227755
41.345306
41.438912
41.571701
41.761088
42.327075
42.714558
42.836463
43.09551
43.343673
44.099048
44.227483
44.347211
44.486531
44.614966
44.719456
44.83483
45.100408
45.348571
45.607619
45.886259
47.333878
47.902041
