2.246531
2.660136
2.790748
3.047619
3.291429
4.101224
4.227483
4.339229
4.495964
4.617868
4.731066
4.896508
5.244807
5.706304
5.973333
6.278095
6.733787
7.006621
7.282358
7.491338
7.764172
8.037007
8.565261
8.974512
9.096417
9.377959
9.656599
10.446077
10.573787
10.681179
10.826304
10.951111
11.043991
11.157188
11.467755
11.57805
11.69415
11.833469
11.966984
12.071474
12.167256
12.472018
12.576508
12.666485
12.814512
12.90449
13.0322
13.168617
13.319546
13.450159
13.934875
14.181587
14.361542
14.483447
14.962358
15.226485
15.4761
15.734422
15.989841
16.288798
18.735601
19.147755
19.272562
19.551202
19.795011
20.581587
20.7122
20.807982
20.950567
21.081179
21.197279
21.34966
21.683447
22.122449
22.378231
22.628571
23.096599
23.356009
23.63356
23.849433
24.13424
24.386395
24.885261
25.278912
25.402268
25.674376
25.937415
26.730159
26.868027
26.956916
27.094785
27.234467
27.33424
27.452154
27.753288
27.873016
27.967347
28.123356
28.239456
28.351927
28.466213
28.763719
28.883447
28.986848
29.092063
29.24263
29.35873
29.487528
29.625397
29.728798
30.240363
30.478005
30.663039
30.760998
31.241723
31.531973
31.765986
32.029025
32.281179
32.596825
34.144218
34.556009
34.652154
34.929705
35.176417
35.947392
36.083447
36.188662
36.312018
36.451701
36.562358
36.720181
37.260771
37.4839
37.743311
38.26576
39.464853
39.791383
40.792744
41.269841
41.668934
41.801361
42.093424
42.307483
43.082086
43.221769
43.32517
43.452154
43.595465
43.706122
43.838549
44.108844
44.341043
44.602268
44.832653
45.612698
45.866667
46.131519
46.615873
46.893424
47.156463
47.637188
47.963719
48.212245
48.475283
48.711111
49.023129
