0.200272
0.382404
1.104399
1.311202
3.789206
3.998912
4.728163
4.898685
7.410068
7.619048
8.286621
8.523900
9.164626
9.390295
9.871383
10.298050
10.952562
11.220317
11.432200
11.631020
11.847982
12.064943
12.289887
12.490159
12.723810
12.930612
13.147574
13.376145
13.582222
13.796281
14.032109
14.217143
14.429025
14.652517
14.867302
15.074830
15.283810
15.493515
15.709025
15.907846
16.103764
16.344671
16.530431
16.774240
16.984671
17.196553
17.391020
17.629751
17.870658
18.041179
18.278458
18.488163
18.697868
18.924989
19.137596
19.300136
19.557007
19.760181
19.958277
20.134603
20.408163
20.609887
20.837732
21.049615
21.703401
21.963175
22.199728
22.401451
23.487710
23.709751
23.891156
24.179229
25.217596
25.425125
26.060045
26.282086
26.948209
27.190567
27.830567
28.046077
28.220952
28.526440
29.185306
29.416054
29.651156
29.860862
30.540045
30.765714
30.855692
30.980499
31.082812
31.219229
31.400635
31.640091
31.862857
32.089252
32.756100
32.976689
33.201633
33.385215
33.618866
33.893152
34.498322
34.721814
37.709206
37.918186
38.613333
38.833197
39.488435
39.723537
40.379501
40.640726
41.330794
41.580408
41.872109
42.183401
