0.173061
0.428844
1.057959
1.303946
3.796463
4.057687
4.704218
4.937143
7.423129
7.656054
8.298231
8.535510
9.168980
9.393197
9.837279
10.277007
10.999728
11.206531
11.411156
11.611429
11.837823
12.109932
12.327619
12.495238
12.749932
12.948027
13.157007
13.357279
13.588027
13.794830
14.008163
14.260680
14.410884
14.674286
14.887619
15.074830
15.240272
15.490612
15.714830
15.925986
16.134966
16.348299
16.574694
16.785850
16.977415
17.179864
17.408435
17.621769
17.804626
18.059320
18.290068
18.499048
18.705850
18.932245
19.136871
19.363265
19.576599
19.774694
19.927075
20.179592
20.397279
20.643265
20.823946
21.111293
21.766531
21.960272
22.184490
22.395646
23.497143
23.727891
23.930340
24.119728
25.173333
25.545578
26.039728
26.351020
26.945306
27.191293
27.813878
28.062041
30.062585
30.304218
31.016054
31.220680
31.527619
34.048435
34.327075
34.930068
35.180408
35.837823
36.085986
36.281905
36.536599
37.505306
38.360816
39.253333
40.185034
41.075374
42.200816
