0.166349
0.407619
0.598095
0.877460
1.043810
1.302857
1.560635
1.761270
1.987302
2.214603
2.473651
2.689524
2.905397
3.140317
3.362540
3.587302
3.808254
4.039365
4.284444
4.491429
4.706032
4.906667
5.184762
5.366349
5.600000
5.855238
6.058413
6.331429
6.535873
6.805079
6.995556
7.184762
7.428571
7.673651
7.907302
8.096508
8.302222
8.544762
8.777143
8.994286
9.217778
9.436190
9.588571
9.834921
9.970794
10.105397
10.172698
10.292063
10.552381
10.753016
10.991746
11.203810
11.437460
11.660952
11.876825
12.082540
12.298413
12.501587
12.725079
12.935873
13.183492
13.386667
13.606349
13.817143
14.034286
14.245079
14.443175
14.650159
14.858413
15.066667
15.305397
15.511111
15.744762
15.928889
16.154921
16.368254
16.593016
16.750476
17.031111
17.217778
17.428571
17.611429
17.834921
18.041905
18.292063
18.490159
18.703492
18.911746
19.125079
19.335873
19.547937
19.758730
19.979683
20.190476
20.318730
20.446984
20.523175
20.626032
20.843175
21.062857
21.281270
21.542857
22.233651
22.408889
22.643810
22.862222
23.064127
23.325714
23.964444
24.157460
24.373333
24.566349
24.744127
25.020952
25.475556
25.687619
25.893333
26.281905
26.481270
26.745397
27.164444
27.384127
27.633016
28.078730
28.745397
28.971429
29.137778
29.385397
29.615238
32.342857
32.529524
32.698413
32.766984
32.825397
32.967619
33.163175
33.431111
33.617778
33.875556
34.099048
34.271746
34.532063
34.744127
35.001905
35.193651
35.418413
35.638095
36.312381
36.547302
36.769524
37.220317
37.504762
38.168889
38.415238
38.843175
39.024762
39.235556
39.993651
40.201905
40.640000
40.881270
41.104762
41.909841
42.206984
44.139683
