0.197370
0.412154
1.091338
1.317732
1.985306
2.211701
2.432290
2.686984
2.910476
3.132698
3.338413
3.563175
3.800635
4.013968
4.714921
4.956190
5.615238
5.879365
6.050794
6.312381
6.515556
6.763175
6.963810
7.164444
7.413333
7.639365
8.313651
8.530794
9.175873
9.398095
9.843810
10.299683
11.001905
11.217778
11.438730
11.627937
11.871746
12.068571
12.299683
12.514286
12.711111
12.925714
13.153016
13.321905
13.577143
13.809524
14.005079
14.229841
14.446984
14.665397
14.859683
15.079365
15.295238
15.504762
15.719365
15.928889
16.139683
16.342857
16.529524
16.784762
17.009524
17.211429
17.414603
17.639365
17.850159
18.073651
18.295873
18.515556
18.698413
18.915556
19.128889
19.340952
19.547937
19.760000
19.973333
20.203175
20.411429
20.637460
20.863492
21.069206
21.283810
21.528889
22.227302
22.429206
22.657778
22.841905
23.069206
23.282540
23.953016
24.138413
24.360635
24.565079
24.765714
25.009524
25.456508
25.649524
25.866667
26.262857
26.474921
26.723810
27.183492
27.373968
27.608889
28.013968
29.174603
29.426032
29.673651
29.880635
30.506667
30.750476
30.880000
30.984127
31.098413
31.193651
31.428571
31.649524
32.309841
32.529524
32.646349
32.749206
32.876190
32.981587
33.211429
33.415873
33.629206
33.853968
34.057143
34.289524
34.519365
34.747937
34.947302
35.183492
35.906032
36.087619
36.275556
36.528254
36.774603
36.975238
37.737143
37.965714
38.493968
38.835556
39.470476
39.747302
40.374603
40.646349
41.358730
41.605079
41.834921
42.193016
