0.330884
0.966531
1.458503
1.619592
2.586122
2.721088
2.903946
3.02585
3.152109
3.30449
3.461224
3.604898
3.748571
3.870476
4.062041
4.671565
5.133061
5.268027
6.151837
6.304218
6.456599
6.604626
6.748299
6.90068
7.026939
7.166259
7.314286
7.43619
7.601633
8.21551
8.677007
8.82068
9.16898
9.813333
10.488163
10.827755
11.158639
11.411156
11.755102
12.377687
13.113469
13.396463
13.714286
13.992925
14.267211
14.606803
15.346939
15.969524
16.448435
16.635646
17.541224
17.684898
17.832925
17.972245
18.111565
18.250884
18.403265
18.542585
18.690612
18.812517
18.986667
19.626667
20.08381
20.227483
21.167891
21.333333
21.481361
21.603265
21.764354
21.894966
22.047347
22.169252
22.312925
22.456599
22.617687
23.183673
23.828027
24.176327
24.82068
25.108027
25.382313
25.826395
26.074558
26.370612
26.684082
26.971429
27.250068
27.924898
28.260136
28.503946
28.808707
29.078639
29.396463
30.689524
31.146667
31.294694
31.939048
32.387483
32.574694
32.870748
33.21034
34.481633
34.825578
35.108571
35.426395
35.765986
36.035918
36.323265
36.675918
36.954558
37.581497
38.234558
38.857143
39.000816
39.153197
39.270748
39.410068
39.558095
39.697415
39.849796
40.006531
40.690068
41.177687
41.347483
41.652245
41.813333
41.961361
42.109388
42.266122
42.37932
42.605714
43.210884
43.676735
43.863946
44.142585
44.303673
44.473469
44.630204
44.791293
44.908844
45.087347
45.470476
46.097415
46.711293
47.281633
48.204626
48.565986
48.918639
49.223401
