0.268481
0.965079
1.458503
1.574603
3.149206
3.301587
3.453968
3.591837
3.729705
3.882086
4.063492
4.687528
5.130159
5.28254
6.712018
6.864399
7.01678
7.169161
7.314286
7.481179
7.626304
8.185034
8.714739
8.823583
9.164626
9.817687
10.441723
10.811791
11.109297
11.501134
11.784127
12.400907
12.995918
13.351474
13.699773
13.97551
14.294785
14.643084
15.317914
15.956463
16.565986
17.545578
17.85034
18.155102
18.416327
18.69932
18.938776
19.577324
20.172336
21.159184
21.442177
21.754195
22.037188
22.356463
22.603175
23.24898
23.829478
24.801814
25.462132
25.77415
26.078912
26.369161
26.681179
26.978685
27.297959
27.885714
28.204989
28.495238
28.792744
29.126531
29.41678
30.730159
31.180045
31.368707
31.876644
32.195918
32.464399
32.841723
33.168254
34.481633
34.75737
35.105669
35.417687
35.707937
35.99093
36.266667
36.571429
36.890703
37.55102
38.160544
38.987755
39.140136
39.285261
39.408617
39.553741
39.69161
39.86576
40.018141
40.605896
41.077551
41.21542
41.846712
41.999093
42.144218
42.245805
42.419955
42.586848
43.189116
43.653515
43.776871
44.364626
44.531519
44.669388
44.785488
44.937868
45.082993
45.409524
46.026304
46.701134
47.281633
48.188662
48.529705
48.805442
49.248073
