0.166893
0.979592
1.473016
1.647166
2.258141
2.4439
2.58322
2.72254
2.873469
3.030204
3.152109
3.291429
3.459773
3.570068
3.750023
3.860317
4.028662
4.643991
5.114195
5.288345
5.839819
6.031383
6.188118
6.315828
6.437732
6.594467
6.757007
6.896327
7.024036
7.174966
7.279456
7.42458
7.639365
8.231474
8.672653
8.858413
9.177687
9.810431
10.431565
10.774059
11.116553
11.482268
11.784127
12.405261
13.067029
13.403719
13.949388
14.553107
15.44127
15.998549
16.433923
16.648707
17.240816
17.403356
17.536871
17.658776
17.832925
17.96644
18.111565
18.233469
18.378594
18.546939
18.709478
18.837188
19.011338
19.609252
20.102676
20.276825
20.868934
21.054694
21.199819
21.362358
21.478458
21.600363
21.739683
21.902222
22.035737
22.175057
22.320181
22.436281
22.627846
23.22576
23.684354
23.835283
24.189388
24.804717
25.47229
25.803175
26.064399
26.430113
26.726168
27.312472
27.892971
28.29932
28.717279
29.262948
30.046621
30.690975
31.155374
31.306304
31.921633
32.397642
32.560181
32.891066
33.21034
33.994014
34.168163
34.307483
34.458413
34.818322
35.131791
35.410431
35.74712
35.996735
36.304399
36.635283
36.954558
37.558277
38.17941
38.533515
38.696054
38.835374
38.992109
39.143039
39.293968
39.433288
39.572608
39.706122
39.851247
39.996372
40.692971
41.105125
41.290884
41.639184
41.830748
41.987483
42.109388
42.271927
42.417052
42.602812
43.200726
43.665125
43.833469
44.193379
44.379138
44.512653
44.675193
44.797098
44.942222
45.098957
45.424036
46.08
46.712744
47.299048
48.210431
48.541315
48.901224
49.243719
