0.17415
0.571791
0.699501
0.998458
1.285805
1.964989
2.113016
2.211701
2.365533
2.487438
2.591927
2.760272
3.456871
3.58458
3.741315
3.842902
4.365351
4.861678
5.389932
5.909478
6.440635
6.907937
7.215601
7.456508
7.709025
7.947029
9.627574
10.03102
10.161633
10.434467
10.692789
11.479365
11.595465
11.723175
11.850884
11.958277
12.088889
12.204989
12.472018
12.582313
12.70712
12.831927
12.96254
13.093152
13.191837
13.720091
14.24254
14.471837
14.735964
14.994286
15.2439
16.819955
17.226304
17.345306
17.635556
17.928707
18.596281
18.726893
18.840091
18.961995
19.080998
19.202902
19.365442
20.079456
20.207166
20.326168
20.442268
20.993741
21.501678
22.018322
22.523356
23.054512
23.507302
23.788844
24.029751
24.288073
24.534785
26.113741
26.491066
26.633288
26.888707
27.144127
27.945215
28.058413
28.189025
28.293515
28.418322
28.537324
28.667937
28.932063
29.059773
29.187483
29.329705
29.434195
29.564807
29.663492
30.177234
30.679365
30.931882
31.178594
31.454331
31.715556
33.236463
33.602177
33.747302
34.054966
34.321995
35.073741
35.218866
35.329161
35.445261
35.572971
35.703583
35.883537
36.397279
36.609161
36.884898
37.450884
38.739592
38.980499
39.462313
40.318549
40.446259
40.562358
40.687166
40.79746
40.90195
41.026757
41.151565
41.273469
41.406984
41.531791
41.621769
41.743673
41.868481
41.981678
42.550567
42.945306
43.075918
43.35746
43.583855
44.353016
44.486531
44.622948
44.744853
44.86966
44.982857
45.113469
45.365986
45.598186
45.885533
46.146757
46.439909
46.675011
47.624127
48.163991
