2.210612
2.628571
2.749388
3.030204
3.294694
4.101224
4.212245
4.32
4.470204
4.600816
4.724898
4.865306
5.244082
5.65551
5.929796
6.200816
6.674286
6.951837
7.206531
7.457959
7.709388
7.970612
8.568163
8.973061
9.110204
9.39102
9.64898
10.435918
10.573061
10.687347
10.821224
10.93551
11.049796
11.164082
11.474286
11.595102
11.693061
11.833469
11.957551
12.05551
12.189388
12.489796
12.600816
12.698776
12.822857
12.946939
13.067755
13.208163
13.348571
13.492245
13.97551
14.226939
14.4
14.50449
14.977959
15.25551
15.510204
15.771429
16.016327
16.336327
18.850612
19.25551
19.386122
19.644082
19.908571
20.682449
20.803265
20.930612
21.051429
21.198367
21.315918
21.456327
21.795918
22.272653
22.533878
22.827755
23.268571
23.552653
23.800816
24.04898
24.310204
24.564898
25.06449
25.492245
25.613061
25.87102
26.142041
26.896327
27.030204
27.141224
27.268571
27.399184
27.516735
27.637551
27.934694
28.042449
28.156735
28.306939
28.421224
28.542041
28.659592
28.953469
29.07102
29.155918
29.273469
29.410612
29.528163
29.662041
29.802449
29.942857
30.442449
30.700408
30.873469
30.981224
31.431837
31.722449
31.986939
32.235102
32.486531
32.777143
34.298776
34.710204
34.83102
35.09551
35.343673
36.124082
36.267755
36.359184
36.519184
36.633469
36.747755
36.897959
37.472653
37.691429
37.949388
38.51102
39.722449
40.022857
40.992653
41.49551
41.910204
42.040816
42.321633
42.546939
43.337143
43.461224
43.585306
43.715918
43.846531
43.967347
44.097959
44.385306
44.607347
44.845714
45.093878
45.893878
46.138776
46.429388
46.896327
47.190204
47.46449
47.902041
48.21551
48.470204
48.672653
48.96
49.247347
