0.2
0.42
1.13
1.32
3.78
4.01
4.68
4.91
7.37
7.61
8.31
8.53
9.16
9.41
9.88
10.3
11.0
11.23
11.46
11.68
11.89
12.11
12.32
12.53
12.75
12.96
13.18
13.39
13.6
13.83
14.04
14.26
14.5
14.68
14.93
15.13
15.33
15.55
15.77
15.97
16.21
16.42
16.62
16.84
17.06
17.27
17.48
17.68
17.9
18.1
18.33
18.55
18.76
18.97
19.18
19.35
19.6
19.8
20.0
20.22
20.46
20.66
20.89
21.08
21.79
22.04
22.244717
22.5
23.58
23.8
24.032653
24.29
25.34
25.58
26.24
26.424308
27.09
27.306667
27.96
28.189025
28.46
28.7
29.373243
29.6
29.767982
30.03
30.67
30.89
31.02
31.121995
31.2
31.34
31.586395
31.81
32.06
32.27
32.94
33.18
33.37
33.59
33.84
34.08254
34.7
34.92
37.85
38.07
38.75
38.96
39.67
39.9
40.54
40.78
41.45
41.7
41.97
42.31
