0.24
0.48
1.11
1.36
3.8
4.03
4.7
4.93
7.38
7.62
8.29
8.49
9.2
9.44
9.88
10.32
11.0
11.25
11.47
11.68
11.9
12.12
12.33
12.56
12.76
12.95
13.21
13.42
13.65
13.81
14.07
14.28
14.49
14.67
14.92
15.14
15.31
15.56
15.74
15.95
16.19
16.39
16.65
16.8
17.05
17.27
17.45
17.68
17.92
18.13
18.35
18.55
18.73
18.98
19.18
19.39
19.57
19.82
20.03
20.23
20.43
20.68
20.9
21.13
21.83
22.06
22.27
22.47
23.59
23.88
24.032653
24.27
25.36
25.56517
26.2
26.401088
27.09
27.36
27.99
28.281905
30.2
30.47
31.15
31.34
31.59
31.8
34.27
34.51
35.12
35.35
36.06
36.29
36.48
36.72
37.64
38.51
39.42
40.32
41.24
42.29
