0.18
0.41
0.626939
0.9
1.1
1.34
1.58
1.82
2.02
2.26
2.48
2.66
2.89
3.12
3.33
3.52
3.82
4.04
4.24
4.46
4.7
4.93
5.14
5.4
5.64
5.84
6.06
6.27
6.54
6.73
6.96
7.16
7.41
7.64
7.871565
8.057324
8.27
8.53
8.76
8.951293
9.23
9.43
9.64
9.86
9.99
10.08907
10.19
10.31
10.52
10.74
10.99
11.22
11.46
11.65
11.89
12.13
12.33
12.58
12.77
13.0
13.19
13.41
13.62
13.83
14.03
14.3
14.506667
14.72
14.93
15.17
15.35
15.53
15.77
16.0
16.21
16.41
16.63
16.86
17.06
17.27
17.502041
17.69
17.91
18.13
18.34
18.53
18.72
18.95
19.18
19.38
19.61
19.81
20.02
20.24
20.37
20.469841
20.57
20.67
20.89
21.11
21.36
21.62
22.2839
22.5
22.697506
22.95
23.11
23.39
24.018141
24.24
24.431746
24.68
24.89
25.13
25.578231
25.78
26.02
26.45
26.63
26.87
27.33424
27.55
27.83
28.234014
28.93
29.15
29.336961
29.55
29.82
30.04
32.52
32.71
32.87
32.965079
33.06
33.17
33.45
33.61
33.83
34.04
34.25
34.48
34.66
34.93
35.2
35.39
35.63
35.86
36.49
36.72
36.97
37.18
37.4
37.64
38.313651
38.54
38.984127
39.19
39.41
40.07
40.3
40.736508
40.94
41.19
42.01
42.32
43.67
