0.17
0.38
1.06
1.32
2.02
2.26
2.47
2.72
2.856054
3.11
3.35
3.59
3.77
3.99
4.68
4.92
5.61
5.804989
6.06
6.246168
6.52
6.687347
6.95
7.16
7.4
7.64
8.29
8.52
9.21
9.43
9.81
10.3
11.01
11.23
11.46
11.68
11.88
12.12
12.34
12.55
12.76
12.97
13.16
13.41
13.55
13.82
14.04
14.24
14.48
14.71
14.92
15.13
15.33
15.56
15.78
15.97
16.18
16.43
16.6
16.85
17.04
17.26
17.48
17.7
17.91
18.13
18.33
18.56
18.75
18.96
19.17
19.39
19.59
19.81
20.04
20.24
20.46
20.69
20.91
21.13
21.35
21.61
22.291156
22.49
22.691701
22.92
23.13
23.4
24.050068
24.26
24.485442
24.7
24.89
25.12
25.57
25.79
26.01
26.47
26.67
26.92
27.289252
27.56
27.79
28.22966
29.38
29.63
29.814422
30.07
30.67
30.89
31.016054
31.14
31.259864
31.38
31.61
31.84
32.51
32.722721
32.87
32.97
33.07102
33.14
33.404082
33.62
33.83
34.05
34.28
34.44
34.69
34.94
35.2
35.39
36.08
36.25
36.51
36.73
36.989388
37.17
37.85
38.07
38.71
38.961633
39.62
39.84
40.55
40.79
41.46
41.68
41.97
42.33
