0.18
0.47
1.36
1.67
4.64
4.9
5.67
5.93
8.66
8.91
9.64
9.87
10.58
10.8
11.26
11.75
12.46
12.7
12.9
13.1
13.32
13.54
13.75
13.97
14.16
14.38
14.58
14.77
14.98
15.19
15.39
15.58
15.78
15.96
16.18
16.37
16.53
16.74
16.93
17.11
17.29
17.46
17.64
17.82
18.0
18.18
18.32
18.51
18.7
18.85
19.02
19.19
19.36
19.52
19.7
19.85
20.009796
20.18
20.35
20.54
20.67
20.83
21.0
21.14
21.65
21.84
22.021224
22.19
23.01
23.2
23.366531
23.54
24.4
24.57
25.08
25.260408
25.8
25.991837
26.5
26.644898
26.89
27.07
27.637551
27.85
28.0
28.24
28.81
29.02
29.15
29.24263
29.35
29.46
29.67
29.88
30.09
30.35
30.976871
31.22
31.44127
31.62
31.84
32.087075
32.79
32.99
36.35
36.64
37.46
37.71
38.56
38.86
39.75
40.06
41.06
41.38
41.85
42.33
