0.18
0.5
1.36
1.64
4.65
4.92
5.69
5.95
8.69
8.94
9.65
9.91
10.57
10.83
11.27
11.72
12.44
12.68
12.89
13.13
13.28
13.54
13.74
13.96
14.17
14.35
14.59
14.79
14.99
15.2
15.4
15.61
15.812789
15.99
16.18
16.38
16.52
16.74
16.93
17.11
17.29
17.48
17.68
17.83
18.0
18.17
18.37
18.54
18.72
18.89
19.06
19.24
19.39
19.55
19.72
19.88
20.027211
20.17
20.35
20.53
20.7
20.85
21.0
21.15
21.69
21.86
22.058957
22.247619
23.04
23.219955
23.394104
23.56
24.4
24.62
25.1
25.280726
25.82
26.006349
26.53
26.71746
28.38
28.61
29.27
29.5
29.721542
29.96
32.34
32.59
33.23
33.451247
34.24
34.5
34.76
35.01
36.09
37.21
38.31
39.53
40.7
42.43
