0.18
0.53
0.8
1.07
1.39
1.66
1.98
2.23
2.54
2.84
3.088254
3.35
3.63
3.87
4.15
4.435011
4.72
4.97
5.18
5.42
5.67
5.92
6.22
6.44
6.74
6.965986
7.22
7.5
7.7
7.96
8.173424
8.49
8.7
8.97
9.160272
9.386667
9.6
9.84
10.1
10.361905
10.588299
10.81
11.04
11.25
11.341497
11.459048
11.62
11.74
11.96
12.17
12.45
12.68
12.9
13.07
13.31
13.55
13.76
13.96
14.16
14.36
14.58
14.75
15.01
15.21
15.41
15.59
15.81
16.0
16.17
16.34
16.57
16.76
16.92
17.11
17.28
17.45
17.65
17.83
17.98
18.19
18.36
18.51
18.7
18.87
19.03
19.21
19.33
19.53
19.69
19.83
20.03
20.18
20.34
20.484354
20.59
20.673016
20.767347
20.87
21.01
21.17
21.33
21.51
22.000907
22.21
22.349206
22.54
22.69
22.86
23.350567
23.57
23.72
23.88
24.01
24.22
24.584127
24.76
24.9
25.25
25.41
25.63
25.99
26.17
26.34
26.594104
27.28
27.42
27.65
27.82
28.08
28.27
30.6
30.79
30.93
31.020408
31.13
31.25
31.49
31.67
31.87
32.06
32.36
32.56
32.76
33.0
33.255329
33.47
33.66
33.99
34.74
34.99
35.29
35.526531
35.81
36.09
36.905215
37.17
37.703401
37.99
38.26
39.2
39.481179
40.039909
40.36
40.67
41.8
42.36
43.762358
