0.14
0.47
1.36
1.66
2.52
2.81
3.041814
3.366893
3.599093
3.88
4.086712
4.38
4.66
4.9
5.67
5.95
6.71
6.942766
7.21
7.407166
7.73
7.941224
8.21
8.43
8.68
8.9
9.64
9.85
10.58
10.79
11.27
11.72
12.41
12.66
12.9
13.11
13.32
13.53
13.76
13.97
14.18
14.37
14.58
14.74
15.01
15.19
15.39
15.57
15.78
15.98
16.16
16.36
16.55
16.73
16.93
17.1
17.28
17.47
17.63
17.84
18.02
18.17
18.36
18.52
18.69
18.86
19.03
19.22
19.38
19.55
19.71
19.87
20.02
20.19
20.36
20.52
20.69
20.86
21.02
21.17
21.33
21.49
22.035737
22.18
22.37
22.54
22.66
22.88
23.382494
23.53
23.684354
23.9
24.06
24.23
24.555102
24.71
24.89
25.234286
25.45
25.63
25.965714
26.12
26.33
26.731973
27.68
27.86
28.07
28.28
28.82
29.022041
29.18
29.29
29.396463
29.49
29.72
29.95
30.55
30.75483
30.85932
30.92898
31.02
31.23
31.477551
31.69
31.9
32.12
32.32
32.55
32.77
33.0
33.25
33.445442
34.24
34.43
34.7
34.96
35.195646
35.56
36.35
36.63
37.44
37.720816
38.61
38.88
39.69
40.01
41.01
41.38
41.8
42.38
