0.189388
0.444082
1.137778
1.351111
3.829841
4.043175
4.739048
4.967619
7.471746
7.700317
8.421587
8.634921
9.295238
9.528889
9.975873
10.417778
11.103492
11.352381
11.555556
11.789206
11.997460
12.226032
12.439365
12.637460
12.860952
13.099683
13.313016
13.521270
13.754921
13.988571
14.206984
14.445714
14.638730
14.862222
15.100952
15.309206
15.532698
15.715556
15.933968
16.147302
16.375873
16.584127
16.812698
17.020952
17.239365
17.462857
17.686349
17.899683
18.123175
18.346667
18.580317
18.798730
19.001905
19.220317
19.428571
19.672381
19.855238
20.058413
20.281905
20.495238
20.754286
20.947302
21.191111
21.389206
22.130794
22.364444
22.587937
22.791111
23.898413
24.121905
24.370794
24.609524
25.696508
25.920000
26.554921
26.824127
27.464127
27.707937
28.358095
28.601905
28.835556
29.059048
29.744762
30.019048
30.222222
30.445714
31.100952
31.349841
31.438730
31.570794
31.657143
31.809524
32.045714
32.261587
32.515556
32.726349
33.351837
33.613061
33.877551
34.070204
34.275918
34.530612
35.183673
35.425306
38.334694
38.553469
39.209796
39.431837
40.117551
40.320000
40.979592
41.178776
41.871020
42.128980
42.367347
42.674286
