0.162540
0.436825
1.097143
1.361270
3.799365
4.083810
4.764444
5.028571
7.486984
7.740952
8.411429
8.675556
9.305397
9.559365
10.016508
10.422857
11.103492
11.367619
11.601270
11.773968
11.987302
12.260136
12.469116
12.704218
12.887075
13.119274
13.329705
13.547392
13.765079
14.019048
14.229478
14.461678
14.657596
14.889796
15.107483
15.296145
15.477551
15.687982
15.949206
16.159637
16.348299
16.587755
16.805442
17.030385
17.226304
17.436735
17.668934
17.879365
18.133333
18.300227
18.575964
18.786395
18.996825
19.200000
19.424943
19.642630
19.889342
20.099773
20.295692
20.520635
20.738322
20.956009
21.173696
21.434921
22.087982
22.341950
22.574150
22.828118
23.909297
24.119728
24.351927
24.576871
25.650794
25.941043
26.550567
26.804535
27.450340
27.733333
28.321088
28.596825
30.621315
30.882540
31.557370
31.862132
32.087075
32.319274
34.721088
34.982313
35.642630
35.896599
36.498866
36.767347
36.941497
37.195465
38.102494
38.980499
39.931066
40.765533
41.679819
42.768254
