0.165079
0.396190
0.647619
0.883810
1.071746
1.318095
1.577143
1.793016
2.031746
2.267937
2.504127
2.717460
2.923175
3.149206
3.375238
3.601270
3.845079
4.068571
4.297143
4.525714
4.751746
4.980317
5.239365
5.442540
5.668571
5.881905
6.118095
6.392381
6.585397
6.867302
7.040000
7.278730
7.512381
7.763810
8.002540
8.210794
8.403810
8.642540
8.871111
9.114921
9.313016
9.541587
9.752381
9.970794
10.139864
10.231293
10.290068
10.346667
10.433741
10.666667
10.893061
11.115102
11.385034
11.583129
11.835646
12.016327
12.264490
12.460408
12.667211
12.876190
13.113469
13.322449
13.555374
13.770884
13.995102
14.230204
14.445714
14.667755
14.863673
15.079184
15.296871
15.521088
15.738776
15.952109
16.163265
16.359184
16.592109
16.816327
17.036190
17.253878
17.462857
17.695782
17.922177
18.120272
18.346667
18.575238
18.771156
18.997551
19.215238
19.419864
19.650612
19.846531
20.081633
20.281905
20.530068
20.680272
20.808707
20.887075
20.987211
21.211429
21.448707
21.646803
21.916735
22.589388
22.800544
23.020408
23.240272
23.451429
23.697415
24.330884
24.574694
24.761905
25.007891
25.219048
25.469388
25.930884
26.120272
26.366259
26.777687
27.023673
27.258776
27.724626
27.961905
28.170884
28.632381
29.296327
29.546667
29.797007
30.001633
30.238912
30.447891
32.938231
33.171156
33.308299
33.438912
33.525986
33.639184
33.835102
34.072381
34.305306
34.496871
34.742857
34.956190
35.186939
35.408980
35.659320
35.844354
36.072925
36.299320
36.976327
37.187483
37.424762
37.662041
37.862313
38.093061
38.796190
39.022585
39.473197
39.669116
39.906395
40.587755
40.801088
41.242993
41.473741
41.674014
42.481633
42.727619
44.442993
