0.143673
0.413605
1.101497
1.340952
2.007075
2.237823
2.446803
2.694966
2.912653
3.152109
3.404626
3.604898
3.840000
4.066395
4.736871
4.971973
5.672925
5.886259
6.108299
6.373878
6.569796
6.822313
7.048707
7.275102
7.471020
7.719184
8.424490
8.637823
9.308299
9.525986
9.978776
10.414150
11.128163
11.350204
11.576599
11.807347
12.011973
12.212245
12.429932
12.660680
12.869660
13.091701
13.318095
13.544490
13.762177
13.966803
14.201905
14.415238
14.667755
14.885442
15.094422
15.299048
15.534150
15.734422
15.943401
16.165442
16.370068
16.587755
16.818503
17.036190
17.245170
17.458503
17.702313
17.928707
18.137687
18.355374
18.616599
18.812517
18.999728
19.195646
19.439456
19.657143
19.848707
20.096871
20.314558
20.519184
20.736871
20.954558
21.185306
21.411701
21.651156
21.925442
22.608980
22.804898
23.013878
23.235918
23.457959
23.710476
24.367891
24.572517
24.764082
24.999184
25.216871
25.460680
25.943946
26.144218
26.383673
26.819048
27.019320
27.254422
27.720272
27.929252
28.151293
28.621497
29.736054
29.979864
30.267211
30.445714
31.094422
31.329524
31.420952
31.494966
31.660408
31.795374
32.026122
32.296054
32.957823
33.201633
33.314830
33.393197
33.515102
33.628299
33.872109
34.085442
34.281361
34.533878
34.725442
34.969252
35.178231
35.400272
35.617959
35.792109
36.523537
36.741224
36.967619
37.189660
37.429116
37.638095
38.334694
38.552381
39.209796
39.405714
40.102313
40.337415
40.986122
41.203810
41.917823
42.118095
42.396735
42.688435
