2.214603
2.646349
2.763175
3.04254
3.311746
4.063492
4.175238
4.292063
4.444444
4.571429
4.683175
4.825397
5.257143
5.60254
5.856508
6.135873
6.598095
6.852063
7.126349
7.365079
7.613968
7.878095
8.391111
8.787302
8.899048
9.193651
9.427302
10.184127
10.311111
10.40254
10.539683
10.661587
10.768254
10.874921
11.169524
11.271111
11.35746
11.509841
11.616508
11.713016
11.819683
12.07873
12.195556
12.405079
12.552381
12.661587
12.786032
12.911746
13.060317
13.558095
13.800635
13.974603
14.069841
14.547302
14.807619
15.062857
15.309206
15.565714
15.812063
18.290794
18.697143
18.816508
19.090794
19.328254
20.057143
20.196825
20.304762
20.427937
20.554921
20.676825
20.791111
21.100952
21.550476
21.827302
22.101587
22.589206
22.844444
23.106032
23.354921
23.622857
23.875556
24.40381
24.763175
24.868571
25.174603
25.419683
26.142222
26.280635
26.410159
26.538413
26.662857
26.769524
26.892698
27.172063
27.287619
27.368889
27.494603
27.653333
27.748571
27.859048
28.029206
28.135873
28.24127
28.341587
28.464762
28.581587
28.693333
28.820317
28.951111
29.085714
29.556825
29.829841
29.983492
30.110476
30.55746
30.822857
31.097143
31.339683
31.574603
31.855238
33.382857
33.790476
33.904762
34.181587
34.434286
35.207619
35.328254
35.426032
35.563175
35.688889
35.787937
35.885714
36.472381
36.71746
36.971429
37.52
38.695873
39.017143
40.027937
40.610794
40.951111
41.076825
41.367619
41.610159
42.4
42.524444
42.63873
42.766984
42.88381
42.996825
43.135238
43.379048
43.627937
43.845079
44.114286
44.892698
45.144127
45.404444
45.947937
46.234921
47.026032
47.332063
47.650794
47.888254
48.15873
48.47873
