0.172698
0.594286
0.713651
1.003175
1.28
2.031746
2.15619
2.262857
2.394921
2.504127
2.613333
2.745397
3.382857
3.591111
3.700317
3.814603
4.259048
4.79746
5.338413
5.833651
6.351746
6.857143
7.146667
7.375238
7.634286
7.867937
9.399365
9.767619
9.869206
10.173968
10.427937
11.128889
11.238095
11.35746
11.509841
11.59619
11.707937
11.809524
12.088889
12.213333
12.332698
12.452063
12.553651
12.794921
13.292698
13.795556
14.064762
14.273016
14.542222
14.788571
16.325079
16.678095
16.815238
17.089524
17.343492
18.08254
18.206984
18.31619
18.455873
18.567619
18.679365
18.813968
19.436735
19.590204
19.681633
19.805714
20.290612
20.786939
21.293061
21.836735
22.357551
22.866939
23.142857
23.346939
23.617959
23.869388
25.392653
25.802449
25.903673
26.202449
26.444082
27.129796
27.271837
27.376327
27.511837
27.606531
27.727347
27.84
28.117551
28.24
28.352653
28.471837
28.577959
28.684082
28.83102
29.322449
29.81551
30.066939
30.302041
30.56
30.826122
32.32
32.742857
32.881633
33.149388
33.417143
34.179592
34.306939
34.421224
34.581224
34.67102
34.773878
35.469388
35.701224
35.955918
36.44898
37.712653
37.970612
38.465306
39.276735
39.431837
39.560816
39.681633
39.787755
39.937959
40.065306
40.151837
40.349388
40.471837
40.599184
40.680816
40.827755
41.115102
41.635918
42.017959
42.127347
42.42449
42.680816
43.387755
43.505306
43.622857
43.777959
43.890612
43.996735
44.124082
44.393469
44.631837
44.88
45.201633
45.701224
46.718367
47.273469
