0.200272
0.474558
1.225578
1.466667
4.136054
4.370975
5.151927
5.400454
8.068934
8.360998
9.102948
9.346939
10.048980
10.295692
10.801814
11.304308
12.087075
12.349206
12.607710
12.845351
13.079365
13.335147
13.560091
13.815873
14.040816
14.260317
14.504308
14.737415
15.001361
15.243537
15.472109
15.729705
15.965533
16.223129
16.430839
16.693878
16.915193
17.176417
17.388662
17.640816
17.875737
18.093424
18.327438
18.581406
18.807256
19.034014
19.265306
19.489342
19.765986
20.017234
20.213152
20.478005
20.696599
20.937868
21.168254
21.413152
21.628118
21.867574
22.092517
22.273016
22.571429
22.835374
23.072109
23.334240
24.079819
24.348299
24.452608
24.813605
26.045351
26.271202
26.344671
26.785488
27.971882
28.126077
28.957823
29.052154
29.935601
30.168707
31.004082
31.187302
31.471202
31.730612
32.495238
32.747392
33.023129
33.248073
34.035374
34.277551
34.376417
34.448073
34.570522
34.808163
34.977778
35.304308
35.600000
35.868481
36.652154
36.917914
37.159184
37.442177
37.702494
37.967347
38.704762
38.991383
42.210431
42.448980
43.196372
43.469388
44.234014
44.500680
45.276190
45.549206
46.320181
46.592290
46.848073
47.169161
