0.195918
0.500680
1.175510
1.458503
4.136054
4.382766
5.151927
5.434921
8.097959
8.344671
9.066667
9.360544
10.078912
10.321995
10.790023
11.301587
12.035918
12.284082
12.534422
12.793469
13.035102
13.278912
13.514014
13.742585
14.025578
14.247619
14.526259
14.700408
14.976871
15.246803
15.497143
15.751837
15.923810
16.222041
16.483265
16.685714
16.883810
17.142857
17.401905
17.613061
17.882993
18.115918
18.355374
18.601361
18.816871
19.041088
19.271837
19.537415
19.772517
19.974966
20.240544
20.466939
20.708571
20.850068
21.176599
21.413878
21.653333
21.888435
22.023401
22.356463
22.587211
22.841905
23.007347
23.375238
24.084898
24.311293
24.561633
24.833741
26.022313
26.263946
26.551293
26.773333
27.979320
28.321088
28.939320
29.318095
29.912381
30.223673
30.955102
31.283810
33.473741
33.776327
34.583946
34.836463
35.119456
35.363265
38.175782
38.467483
39.146667
39.444898
40.143673
40.407075
40.602993
40.907755
41.926531
42.949660
43.977143
45.028571
46.086531
47.203265
