0.167619
0.478912
0.663946
0.981769
1.188571
1.441088
1.691429
1.917823
2.157279
2.416327
2.697143
2.943129
3.167347
3.402449
3.654966
3.918367
4.131701
4.388571
4.693333
4.941497
5.130884
5.370340
5.696871
5.960272
6.164898
6.428299
6.667755
6.885442
7.131429
7.399184
7.621224
7.858503
8.111020
8.293878
8.637823
8.857687
9.084082
9.351837
9.610884
9.835102
10.041905
10.320544
10.564354
10.801633
10.958367
11.086803
11.200000
11.324082
11.613605
11.833469
12.079456
12.325442
12.569252
12.800000
13.061224
13.296327
13.531429
13.773061
14.012517
14.260680
14.478367
14.748299
14.985578
15.205442
15.460136
15.708299
15.969524
16.185034
16.439728
16.677007
16.925170
17.142857
17.377959
17.619592
17.865578
18.102857
18.351020
18.590476
18.801633
19.047619
19.297959
19.552653
19.761633
19.990204
20.234014
20.451701
20.688980
20.917551
21.154830
21.392109
21.653333
21.871020
22.099592
22.325986
22.495782
22.622041
22.831020
23.048707
23.305578
23.540680
23.825850
24.576871
24.820680
25.073197
25.306122
25.556463
25.813333
26.531701
26.760272
27.019320
27.237007
27.493878
27.757279
28.303673
28.497415
28.717279
29.237551
29.426939
29.712109
30.271565
30.478367
30.757007
31.257687
32.006531
32.256871
32.524626
32.766259
33.018776
33.273469
36.138231
36.379864
36.525714
36.649796
36.776054
36.904490
37.157007
37.394286
37.653333
37.881905
38.164898
38.410884
38.639456
38.896327
39.196735
39.410068
39.645170
39.899864
40.681361
40.912109
41.155918
41.360544
41.691429
41.943946
42.716735
42.954014
43.498231
43.750748
44.009796
44.752109
45.035102
45.544490
45.799184
46.077823
46.865850
47.229388
48.565986
