0.166531
0.444082
1.159184
1.436735
2.174694
2.448980
2.690612
2.997551
3.177143
3.389388
3.624490
3.905306
4.137143
4.375510
5.126531
5.391020
6.148571
6.416327
6.615510
6.902857
7.131429
7.379592
7.608163
7.745306
8.097959
8.355918
9.051429
9.319184
10.063673
10.305306
10.788571
11.262041
12.058776
12.323265
12.568163
12.813061
13.074286
13.302857
13.551020
13.795918
14.027755
14.269388
14.511020
14.726531
14.974694
15.203265
15.448163
15.673469
15.937959
16.182857
16.427755
16.679184
16.930612
17.129796
17.387755
17.622857
17.854694
18.076735
18.347755
18.553469
18.798367
19.046531
19.278367
19.503673
19.742041
19.964082
20.222041
20.450612
20.692245
20.924082
21.162449
21.391020
21.613061
21.854694
22.112653
22.351020
22.612245
22.847347
23.072653
23.311020
23.565714
23.804082
24.561633
24.800000
25.057959
25.273469
25.537959
25.782857
26.546939
26.772245
27.007347
27.222857
27.454694
27.719184
28.222041
28.483265
28.760816
29.263673
29.482449
29.701224
30.236735
30.462041
30.729796
31.242449
32.476735
32.767347
33.041633
33.286531
34.027755
34.298776
34.448980
34.586122
34.804898
35.062857
35.327347
36.111020
36.391837
36.522449
36.626939
36.747755
36.914286
37.191837
37.420408
37.678367
37.929796
38.207347
38.435918
38.680816
38.912653
39.170612
39.418776
40.137143
40.421224
40.653061
40.920816
41.168980
41.394286
42.194286
42.471837
43.151020
43.487347
44.264490
44.512653
45.270204
45.531429
46.324898
46.602449
46.866939
47.151020
