0.170522
0.565986
0.689342
0.968707
1.251701
1.948299
2.075283
2.195011
2.314739
2.430839
2.543311
2.677551
3.410431
3.501134
3.64263
3.780499
4.248526
4.807256
5.311565
5.768707
6.291156
6.759184
7.031293
7.274376
7.531973
7.771429
9.378685
9.766893
9.882993
10.14059
10.380045
11.138322
11.265306
11.385034
11.497506
11.613605
11.726077
11.856689
12.117914
12.226757
12.360998
12.466213
12.60771
12.720181
12.821769
13.329705
13.78322
14.062585
14.305669
14.556009
14.806349
16.312018
16.700227
16.84898
17.11746
17.40771
18.093424
18.220408
18.318367
18.46712
18.572336
18.684807
18.826304
19.479365
19.577324
19.686168
19.849433
20.288435
20.825397
21.333333
21.826757
22.316553
22.809977
23.053061
23.296145
23.546485
23.778685
25.389569
25.77415
25.912018
26.176871
26.40907
27.185488
27.33424
27.453968
27.606349
27.675283
27.787755
27.918367
28.18322
28.284807
28.422676
28.524263
28.647619
28.781859
28.897959
29.398639
29.863039
30.164172
30.432653
30.65034
30.897052
32.457143
32.830839
32.965079
33.248073
33.502041
34.256689
34.405442
34.521542
34.637642
34.771882
34.89161
35.040363
35.533787
35.765986
36.041723
36.618594
37.855782
38.113379
38.614059
39.419501
39.510204
39.662585
39.934694
40.029025
40.188662
40.290249
40.471655
40.573243
40.747392
40.878005
41.026757
41.186395
41.320635
41.879365
42.303855
42.423583
42.688435
42.942404
43.697052
43.831293
43.940136
44.092517
44.197732
44.321088
44.437188
44.705669
44.937868
45.188209
45.405896
45.95737
46.984127
47.510204
