2.187755
2.543673
2.687347
2.974694
3.206531
4.019592
4.150204
4.287347
4.421224
4.522449
4.626939
4.767347
5.087347
5.560816
5.805714
6.086531
6.527347
6.76898
7.04
7.291429
7.542857
7.79102
8.342857
8.718367
8.835918
9.113469
9.377959
10.164898
10.285714
10.383673
10.537143
10.635102
10.772245
10.886531
11.167347
11.262041
11.386122
11.526531
11.640816
11.742041
11.849796
12.120816
12.218776
12.336327
12.463673
12.571429
12.682449
12.819592
13.00898
13.123265
13.567347
13.805714
13.96898
14.050612
14.524082
14.788571
15.049796
15.291429
15.546122
15.84
18.305306
18.684082
18.788571
19.066122
19.350204
20.075102
20.199184
20.306939
20.476735
20.600816
20.698776
20.822857
21.116735
21.577143
21.828571
22.089796
22.576327
22.814694
23.082449
23.307755
23.56898
23.800816
24.37551
24.764082
24.894694
25.165714
25.423673
26.194286
26.318367
26.442449
26.569796
26.690612
26.808163
26.955102
27.222857
27.320816
27.435102
27.582041
27.683265
27.787755
27.908571
28.169796
28.284082
28.401633
28.522449
28.636735
28.74449
28.878367
29.093878
29.201633
29.665306
29.910204
30.070204
30.151837
30.644898
30.909388
31.183673
31.431837
31.683265
31.970612
33.482449
33.897143
34.02449
34.292245
34.530612
35.307755
35.422041
35.536327
35.689796
35.800816
35.885714
36.042449
36.555102
36.806531
37.100408
37.64898
38.798367
39.137959
40.235102
40.777143
41.191837
41.319184
41.652245
41.903673
42.517551
42.667755
42.795102
42.93551
43.079184
43.206531
43.307755
43.444898
43.722449
43.95102
44.192653
44.453878
45.165714
45.423673
45.697959
46.197551
46.494694
46.765714
47.222857
47.487347
47.768163
48.04898
48.297143
48.626939
