0.326531
0.986848
1.476644
1.632653
2.590476
2.71746
2.866213
3.004082
3.134694
3.287075
3.414059
3.56644
3.697052
3.813152
4.016327
4.437188
4.614966
5.104762
5.24263
6.196825
6.338322
6.505215
6.628571
6.76644
6.904308
7.053061
7.176417
7.314286
7.448526
7.611791
8.2322
8.685714
8.841723
9.190023
9.824943
10.452608
10.742857
11.091156
11.388662
11.726077
12.371882
13.014059
13.329705
13.605442
13.870295
14.102494
14.523356
15.32517
15.912925
16.44263
16.631293
17.578231
17.726984
17.886621
18.028118
18.187755
18.343764
18.485261
18.648526
18.800907
18.935147
19.116553
19.722449
20.201361
20.379138
21.318821
21.47483
21.616327
21.757823
21.910204
22.062585
22.211338
22.352834
22.501587
22.6322
22.820862
23.437642
24.032653
24.386757
24.981769
25.324263
25.617415
25.974422
26.218231
26.537506
26.84517
27.13542
27.448889
28.058413
28.438639
28.699864
28.984308
29.271655
29.57932
30.891247
31.375964
31.500771
32.17415
32.600816
32.774966
33.091338
33.451247
34.72254
35.018594
35.372698
35.657143
35.89805
36.257959
36.562721
36.873288
37.169342
37.758549
38.402902
39.055964
39.221406
39.369433
39.49424
39.639365
39.790295
39.93542
40.068934
40.234376
40.893243
41.549206
41.856871
42.03102
42.196463
42.324172
42.489615
42.605714
42.814694
43.42712
43.877007
44.025034
44.384943
44.532971
44.689705
44.837732
44.982857
45.116372
45.276009
45.659138
46.291882
46.918821
47.542857
48.41941
48.776417
49.104399
49.455601
