0.282993
0.992653
1.493333
1.615238
3.156463
3.30449
3.456871
3.583129
3.739864
3.857415
4.035918
4.636735
5.12
5.233197
6.752653
6.90068
7.053061
7.192381
7.322993
7.47102
7.636463
8.150204
8.698776
8.833741
9.177687
9.791565
10.470748
10.819048
11.093333
11.463401
11.772517
12.382041
12.987211
13.396463
13.692517
13.984218
14.25415
14.619864
15.346939
15.960816
16.557279
17.619592
17.906939
18.194286
18.485986
18.76898
19.073741
19.691973
20.279728
21.289796
21.611973
21.908027
22.195374
22.513197
22.787483
23.43619
23.971701
24.96
25.63483
25.961361
26.248707
26.553469
26.858231
27.162993
27.480816
28.068571
28.395102
28.665034
28.961088
29.278912
29.601088
30.885442
31.329524
31.477551
32.130612
32.470204
32.753197
33.114558
33.467211
34.586122
34.974694
35.258776
35.650612
36.022857
36.225306
36.509388
36.852245
37.182041
37.792653
38.370612
39.229388
39.363265
39.516735
39.657143
39.78449
39.924898
40.075102
40.251429
40.839184
41.361633
41.508571
42.089796
42.226939
42.370612
42.484898
42.644898
42.798367
43.399184
43.872653
43.993469
44.486531
44.672653
44.813061
44.953469
45.103673
45.266939
45.64898
46.275918
46.971429
47.529796
48.414694
48.770612
49.074286
49.466122
