0.165079
0.383492
0.965079
1.445079
1.630476
2.232381
2.417778
2.542222
2.681905
2.829206
2.979048
3.12381
3.253333
3.410794
3.542857
3.68
3.819683
4.0
4.627302
5.066667
5.246984
5.859048
6.039365
6.176508
6.311111
6.466032
6.603175
6.758095
6.885079
7.029841
7.174603
7.329524
7.461587
7.641905
8.23873
8.660317
8.840635
9.183492
9.846349
10.425397
10.778413
11.072653
11.418776
11.722449
12.403265
12.966531
13.314286
13.848163
13.993469
14.071837
14.187755
14.261224
14.362449
14.437551
14.561633
15.227755
15.960816
16.444082
16.648163
17.276735
17.459592
17.6
17.751837
17.902041
18.040816
18.19102
18.331429
18.484898
18.630204
18.790204
18.933878
19.118367
19.761633
20.222041
20.421224
20.98449
21.198367
21.348571
21.500408
21.634286
21.766531
21.918367
22.063673
22.197551
22.34449
22.489796
22.625306
22.821224
23.435102
23.880816
24.022857
24.401633
25.017143
25.691429
26.022857
26.226939
26.573061
26.873469
27.456327
28.120816
28.380408
28.920816
28.977959
29.049796
29.147755
29.221224
29.312653
29.377959
29.479184
30.275918
30.909388
31.381224
31.547755
32.148571
32.631837
32.806531
33.149388
33.435102
34.195918
34.352653
34.519184
34.687347
34.994286
35.340408
35.670204
36.011429
36.282449
36.600816
36.884898
37.193469
37.800816
37.900408
37.970612
38.089796
38.168163
38.277551
38.413061
38.760816
38.932245
39.077551
39.226122
39.371429
39.521633
39.665306
39.797551
39.952653
40.083265
40.251429
40.445714
40.886531
41.325714
41.508571
41.849796
42.032653
42.189388
42.331429
42.493061
42.635102
42.811429
43.433469
43.856327
44.04898
44.367347
44.561633
44.710204
44.840816
45.002449
45.133061
45.306122
45.634286
46.287347
46.933878
47.371429
47.537959
48.466939
48.765714
49.105306
49.457959
