0.174149660
0.644353741
0.783673469
1.127619048
1.445442177
2.246530612
2.398911565
2.529523810
2.690612245
2.834285714
2.973605442
3.143401361
3.944489796
4.075102041
4.249251701
4.397278912
4.985034014
5.594557823
6.208435374
6.739591837
7.327346939
7.893333333
8.202448980
8.494149660
8.751020408
9.025306122
10.779863946
11.245714286
11.393741497
11.689795918
11.977142857
12.826122449
12.961088435
13.091700680
13.222312925
13.348571429
13.483537415
13.635918367
13.931972789
14.062585034
14.201904762
14.302040816
14.480544218
14.606802721
14.724353741
15.325170068
15.886802721
16.195918367
16.452789116
16.735782313
17.010068027
18.773333333
19.195646259
19.356734694
19.657142857
19.944489796
20.641088435
20.784761905
20.911020408
21.024217687
21.176598639
21.289795918
21.463945578
22.199727891
22.299863946
22.447891156
22.578503401
23.118367347
23.649523810
24.163265306
24.633469388
25.103673469
25.586938776
25.839455782
26.044081633
26.296598639
26.492517007
27.802993197
28.125170068
28.229659864
28.477823129
28.699863946
29.426938776
29.518367347
29.609795918
29.727346939
29.831836735
29.936326531
30.036462585
30.271564626
30.384761905
30.497959184
30.589387755
30.715646259
30.807074830
30.915918367
31.325170068
31.760544218
32.004353741
32.213333333
32.431020408
32.644353741
34.002721088
34.342312925
34.459863946
34.708027211
34.925714286
35.591836735
35.718095238
35.826938776
35.922721088
36.048979592
36.162176871
36.301496599
36.767346939
36.993741497
37.215782313
37.703401361
38.800544218
39.048707483
39.571156463
40.433197279
40.581224490
40.751020408
40.859863946
41.012244898
41.125442177
41.290884354
41.399727891
41.578231293
41.678367347
41.848163265
41.987482993
42.109387755
42.287891156
42.897414966
43.324081633
43.441632653
43.737687075
44.033741497
44.856598639
45.017687075
45.135238095
45.261496599
45.370340136
45.522721088
45.653333333
45.988571429
46.267210884
46.563265306
46.863673469
47.468843537
48.635646259
49.258231293