2.530975057
3.030204082
3.163718821
3.471383220
3.784852608
4.707845805
4.870385488
5.003900227
5.166439909
5.299954649
5.445079365
5.619229025
5.973333333
6.472562358
6.774421769
7.105306122
7.610340136
7.918004535
8.214058957
8.463673469
8.753922902
9.073197279
9.607256236
10.077460317
10.228390023
10.518639456
10.814693878
11.691247166
11.847981859
11.975691610
12.126621315
12.265941043
12.393650794
12.527165533
12.834829932
12.979954649
13.113469388
13.252789116
13.403718821
13.525623583
13.647528345
13.937777778
14.065487528
14.199002268
14.361541950
14.471836735
14.605351474
14.744671202
14.910113379
15.081360544
15.609614512
15.917278912
16.103038549
16.207528345
16.747392290
17.043446712
17.310476190
17.577505669
17.861950113
18.192834467
20.961814059
21.368163265
21.490068027
21.762902494
22.047346939
22.877460317
23.005170068
23.132879819
23.278004535
23.405714286
23.504399093
23.649523810
23.971700680
24.415782313
24.671201814
24.909206349
25.356190476
25.594195011
25.826394558
26.052789116
26.250158730
26.482358277
26.929342404
27.242811791
27.358911565
27.596916100
27.800090703
28.508299320
28.641814059
28.723083900
28.856598639
28.943673469
29.048163265
29.164263039
29.408072562
29.506757370
29.593832200
29.721541950
29.814421769
29.942131519
30.035011338
30.290430839
30.394920635
30.476190476
30.586485261
30.673560091
30.795464853
30.894149660
31.010249433
31.155374150
31.538503401
31.759092971
31.927437642
32.008707483
32.432471655
32.693696145
32.914285714
33.152290249
33.367074830
33.616689342
34.905396825
35.276916100
35.387210884
35.636825397
35.851609977
36.542403628
36.670113379
36.745578231
36.867482993
36.995192744
37.088072562
37.204172336
37.685986395
37.912380952
38.167800454
38.632199546
39.764172336
40.118276644
41.186394558
41.674013605
42.208072562
42.324172336
42.631836735
42.904671202
43.781224490
43.908934240
44.036643991
44.193378685
44.326893424
44.431383220
44.588117914
44.855147392
45.116371882
45.389206349
45.673650794
46.567619048
46.886893424
47.246802721
47.763446712
48.059501134
48.355555556
48.941859410
49.301768707
49.615238095
49.905487528
50.236371882
50.734149660