6.044082
7.017143
7.402449
8.11102
8.809796
10.88
11.206531
11.503673
11.84
12.186122
12.499592
12.806531
13.466122
14.677551
15.235918
15.820408
16.773878
17.289796
17.753469
18.200816
18.631837
19.049796
19.846531
20.522449
20.675918
21.087347
21.466122
22.654694
22.82449
23.030204
23.239184
23.41551
23.585306
23.781224
24.182857
24.32
24.515918
24.685714
24.862041
25.035102
25.204898
25.518367
25.65551
25.838367
26.014694
26.148571
26.311837
26.517551
26.674286
26.814694
27.47102
27.774694
27.898776
28.094694
28.630204
28.950204
29.22449
29.502041
29.769796
30.099592
32.930612
33.361633
33.492245
33.773061
34.034286
34.837551
34.964898
35.092245
35.222857
35.356735
35.47102
35.595102
35.800816
36.333061
36.574694
36.813061
37.273469
37.49551
37.746939
37.955918
38.187755
38.390204
38.837551
39.186939
39.297959
39.523265
39.742041
40.408163
40.515918
40.630204
40.74449
40.871837
40.995918
41.116735
41.351837
41.472653
41.586939
41.697959
41.80898
41.903673
42.008163
42.230204
42.334694
42.439184
42.546939
42.66449
42.76898
42.88
42.99102
43.08898
43.497143
43.706122
43.823673
43.931429
44.336327
44.548571
44.777143
44.969796
45.185306
45.426939
46.628571
46.99102
47.108571
47.337143
47.549388
48.235102
48.352653
48.457143
48.594286
48.69551
48.790204
48.865306
49.33551
49.609796
49.825306
50.262857
51.412245
51.686531
52.705306
53.253878
53.645714
53.789388
54.102857
54.393469
55.157551
55.320816
55.490612
55.673469
55.797551
55.94449
56.088163
56.404898
56.692245
56.982857
57.319184
58.253061
58.592653
58.968163
59.627755
59.964082
60.349388
61.012245
61.446531
61.867755
62.24
62.700408
63.402449
