0.175238
1.366349
1.818413
2.493968
3.227937
5.334785
5.683084
5.996553
6.368073
6.719274
7.055964
7.415873
9.16898
9.537596
9.877188
10.20517
11.52
12.750658
14.167075
15.246803
16.332336
17.330794
17.75746
18.192834
18.622404
19.031655
21.469751
22.137324
22.256327
22.694603
23.037098
24.166168
24.325805
24.497052
24.694422
24.819229
24.967256
25.158821
25.53034
25.68127
25.849615
26.012154
26.197914
26.348844
26.502676
27.158639
27.771066
28.084535
28.363175
28.662132
28.952381
30.647438
31.135057
31.245351
31.547211
31.83746
32.670476
32.801088
32.931701
33.079728
33.19873
33.309025
33.468662
34.200091
34.3278
34.429388
34.542585
35.056327
35.59619
36.124444
36.594649
37.032925
37.500227
37.767256
37.970431
38.185215
38.408707
39.735147
40.074739
40.182132
40.434649
40.658141
41.337324
41.459229
41.563719
41.705941
41.819138
41.912018
42.01941
42.269025
42.361905
42.454785
42.550567
42.652154
42.747937
42.855329
43.293605
43.731882
43.937959
44.132426
44.329796
44.54458
45.775238
46.109025
46.216417
46.474739
46.683719
47.328073
47.461587
47.551565
47.656054
47.780862
47.859229
47.986939
48.46585
48.671927
48.904127
49.403356
50.488889
50.741406
51.202902
51.954649
52.093968
52.198458
52.346485
52.477098
52.581587
52.668662
52.816689
52.935692
53.066304
53.202721
53.350748
53.484263
53.623583
53.780317
54.340499
54.755556
54.857143
55.159002
55.431837
56.35483
56.508662
56.674104
56.842449
56.981769
57.112381
57.298141
57.631927
57.925079
58.238549
58.586848
59.295057
60.673741
61.442902
