0.24
0.46
1.23
1.45
4.18
4.42
5.18
5.42
8.08
8.35
9.11
9.36
10.12
10.36
10.85
11.38
12.19
12.43
12.68
12.94
13.2
13.44
13.67
13.92
14.14
14.39
14.62
14.86
15.11
15.34
15.58
15.83
16.11
16.32
16.55
16.81
17.05
17.29
17.53
17.77
18.01
18.25
18.48
18.72
18.96
19.21
19.41
19.69
19.92
20.18
20.42
20.71
20.91
21.14
21.38
21.62
21.85
22.1
22.33
22.58
22.81
23.06
23.33
23.6
24.36
24.61
24.845351
25.15
26.33
26.59
26.865488
27.14
28.32
28.560544
29.33
29.559002
30.32
30.58068
31.36
31.579138
31.88
32.17
32.93
33.19
33.413515
33.69
34.4
34.64
34.8
34.899592
35.0
35.12
35.37
35.67
35.93
36.23
37.000998
37.26
37.500227
37.75
38.04
38.312925
39.04
39.32
42.59
42.83
43.6
43.85
44.59
44.85
45.6
45.85
46.62
46.92
47.19
47.51
