0.2
0.48
1.21
1.49
4.15
4.42
5.17
5.46
8.09
8.36
9.1
9.34
10.09
10.38
10.89
11.38
12.17
12.44
12.7
12.9
13.18
13.42
13.66
13.85
14.13
14.39
14.64
14.86
15.11
15.34
15.61
15.859229
16.08
16.33
16.58
16.79
17.05
17.28
17.53
17.72
18.01
18.26
18.49
18.74
18.99
19.22
19.46
19.7
19.95
20.18
20.43
20.67
20.91
21.15
21.4
21.68
21.84
22.11
22.35
22.59
22.83
23.08
23.33
23.58
24.34
24.59
24.84
25.11
26.32
26.56
26.86
27.15
28.31
28.58
29.3
29.535782
30.36
30.65034
31.34
31.625578
33.85
34.1
34.89
35.14
35.41
35.66
38.5
38.78
39.51
39.752562
40.53
40.79
41.06
41.28
42.41
43.34
44.37
45.35
46.37
47.53
