0.19
0.47
0.73
0.98
1.2
1.46
1.718277
1.97
2.22
2.47
2.72
2.94
3.2
3.43
3.68
3.98
4.19
4.45
4.7
4.93
5.18
5.42
5.7
5.9
6.19
6.44
6.73
6.94
7.13
7.37
7.63
7.92
8.13
8.35
8.66
8.88
9.18
9.37
9.63
9.845261
10.11
10.32
10.64
10.88
11.02
11.128889
11.24
11.35
11.64
11.93
12.18
12.41
12.66
12.94
13.17
13.41
13.65
13.9
14.15
14.39
14.61
14.88
15.09
15.33
15.58
15.81
16.05
16.31
16.54
16.79
17.03
17.27
17.51
17.76
17.99
18.25
18.5
18.72
18.94
19.23
19.42
19.67
19.95
20.17
20.43
20.65
20.95
21.13
21.39
21.62
21.86
22.12
22.35
22.6
22.74
22.849887
22.95
23.08
23.34
23.57
23.81
24.09
24.816327
25.1
25.36
25.6
25.85
26.11
26.8
27.06
27.348753
27.56
27.77
28.07
28.560544
28.8
29.09
29.58
29.81
30.1
30.55
30.87
31.14
31.629932
32.35
32.68
32.92
33.18
33.44
33.639909
36.42
36.77
36.91
37.03
37.137415
37.23
37.53
37.81
37.98
38.21
38.56
38.79
39.04
39.31
39.56
39.79
40.025397
40.31
41.08
41.31
41.58
41.817687
42.064399
42.35
43.116553
43.356009
43.88
44.13
44.36
45.12
45.37
45.888435
46.11
46.42
47.21
47.48
49.17551
