0.17
0.44
1.21
1.5
2.2
2.48
2.71
2.96
3.16
3.45
3.7
3.94
4.19
4.44
5.17
5.43
6.17
6.455147
6.66
6.896327
7.16
7.46
7.64
7.86
8.07
8.32
9.09
9.35
10.12
10.34
10.85
11.37
12.14
12.4
12.68
12.91
13.16
13.4
13.65
13.88
14.13
14.37
14.58
14.85
15.04
15.32
15.58
15.82
16.07
16.3
16.56
16.8
17.04
17.28
17.53
17.77
18.01
18.25
18.44
18.73
18.96
19.21
19.44
19.65
19.93
20.13
20.38
20.66
20.89
21.12
21.34
21.61
21.86
22.09
22.34
22.53
22.801995
23.05
23.32
23.56
23.82
24.09
24.775692
25.12
25.332971
25.58
25.82
26.08
26.772608
27.08
27.3
27.57
27.8
28.04
28.59
28.81
29.117823
29.58
29.78
30.11
30.6039
30.87
31.09
31.625578
32.86
33.15
33.367075
33.65
34.4
34.64
34.78
34.89
34.980862
35.12
35.42
35.66
36.47
36.75
36.884898
36.99
37.105488
37.21
37.477007
37.75
38.03
38.28
38.54
38.79
38.986304
39.29
39.51
39.775782
40.54
40.76
41.06
41.31
41.540499
41.81
42.59
42.86
43.6
43.84
44.61
44.907392
45.61
45.86
46.67
46.89
47.19
47.51
