5.211429
6.19102
6.478367
7.04
7.647347
9.306122
9.573878
9.848163
10.096327
10.377143
10.631837
10.919184
11.526531
12.453878
12.90449
13.433469
14.262857
14.713469
15.131429
15.503673
15.88898
16.267755
17.051429
17.626122
17.756735
18.161633
18.44898
19.461224
19.644082
19.800816
19.970612
20.146939
20.316735
20.48
20.826122
20.982857
21.126531
21.263673
21.413878
21.55102
21.720816
22.040816
22.171429
22.334694
22.447891
22.617687
22.752653
22.913741
23.087891
23.231565
23.74966
24.006531
24.25034
24.75102
25.025306
25.273469
25.517279
25.761088
26.013605
28.342857
28.721633
28.826122
29.069932
29.261497
29.971156
30.097415
30.18449
30.302041
30.419592
30.497959
30.619864
30.881088
31.272925
31.508027
31.743129
32.134966
32.339592
32.57034
32.757551
32.953469
33.179864
33.532517
33.824218
33.946122
34.142041
34.355374
34.964898
35.082449
35.156463
35.247891
35.378503
35.456871
35.557007
35.765986
35.870476
35.953197
36.088163
36.192653
36.288435
36.362449
36.497415
36.58449
36.697687
36.784762
36.858776
36.967619
37.067755
37.159184
37.272381
37.36381
37.738231
37.947211
38.090884
38.177959
38.578503
38.79619
39.018231
39.209796
39.397007
39.636463
40.85551
41.164626
41.273469
41.499864
41.695782
42.318367
42.427211
42.501224
42.662313
42.77551
42.866939
42.98449
43.445986
43.62449
43.846531
44.290612
45.361633
45.627211
46.563265
47.11619
47.53415
47.651701
47.991293
48.274286
49.075374
49.205986
49.367075
49.49551
49.595102
49.666939
49.78449
49.955918
50.246531
50.527347
50.842449
51.154286
52.35102
52.844082
53.373061
54.382041
54.901224
55.425306
56.64
57.537959
58.308571
58.827755
59.438367
60.293878
