0.142222
1.149388
1.474467
2.130431
2.806712
4.629478
4.928435
5.253515
5.517642
5.842721
6.135873
6.46966
7.961542
8.208254
8.486893
8.7278
9.496961
9.793016
10.890159
11.961179
12.953832
13.876825
14.724354
15.130703
15.508027
15.896961
16.309116
18.462766
19.00263
19.136145
19.496054
19.826939
20.793469
20.947302
21.104036
21.260771
21.400091
21.548118
21.693243
22.024127
22.206984
22.339048
22.496508
22.64127
22.732698
22.900317
23.466667
23.994921
24.271746
24.510476
24.769524
24.998095
26.440635
26.813968
26.948571
27.2
27.43619
28.154921
28.266667
28.358095
28.507937
28.609524
28.703492
28.827937
29.000635
29.462857
29.563356
29.63737
29.718639
30.165624
30.616961
31.074104
31.494966
31.908571
32.335238
32.580499
32.74449
32.970884
33.153741
34.345215
34.61805
34.709478
34.931519
35.139048
35.773243
35.873379
35.961905
36.035918
36.169433
36.255057
36.346485
36.540952
36.655601
36.748481
36.837007
36.963265
37.051791
37.149025
37.569887
37.961723
38.17941
38.370975
38.590113
38.787483
39.981859
40.295329
40.421587
40.645079
40.86712
41.508571
41.620317
41.723356
41.84381
41.933787
42.003447
42.132608
42.563628
42.766803
42.977234
43.419864
44.489433
44.724535
45.159909
45.860862
45.997279
46.109025
46.235283
46.348481
46.444263
46.586485
46.706939
46.853515
46.965261
47.098776
47.204717
47.368707
47.528345
47.690884
47.956463
48.224943
48.645805
48.782222
49.110204
49.371429
50.221859
50.380045
50.522268
50.683356
50.829932
50.985215
51.162268
51.539592
51.908209
52.320363
52.803628
53.871746
55.986213
57.639184
