0.23
0.43
1.11
1.29
3.68
3.93
4.61
4.82
7.31
7.55
8.21
8.44
9.07
9.29
9.71
10.13
10.85
11.09
11.29
11.51
11.72
11.94
12.16
12.353016
12.55
12.78
12.98
13.17
13.4
13.57
13.82
14.03
14.26
14.43
14.69
14.89
15.1
15.29
15.49
15.71
15.96
16.14
16.36
16.56
16.76
16.97
17.14
17.38
17.58
17.8
18.02
18.22
18.4
18.63
18.85
19.07
19.26
19.46
19.67
19.85
20.09
20.28
20.51
20.73
21.42
21.64
21.873197
22.1
23.12
23.34
23.568254
23.81
24.85
25.07
25.7
25.84381
26.53
26.726168
27.43
27.65
27.89
28.11
28.75
29.01
29.210703
29.45
30.07
30.29
30.39
30.497959
30.59
30.72
30.994286
31.16
31.42
31.64
32.300408
32.54
32.74
32.97
33.16
33.38449
34.02
34.24
37.15
37.37
38.02
38.22
38.9
39.1
39.77
40.0
40.65
40.91
41.16
41.49
