0.19
0.43
1.1
1.33
3.73
3.96
4.63
4.87
7.31
7.55
8.22
8.47
9.1
9.32
9.74
10.16
10.83
11.09
11.29
11.52
11.69
11.94
12.16
12.38
12.57
12.75
12.96
13.22
13.37
13.61
13.8
14.04
14.26
14.46
14.69
14.91
15.06
15.32
15.5
15.74
15.93
16.12
16.323628
16.55
16.76
16.98
17.17
17.4
17.6
17.82
18.01
18.24
18.41
18.65
18.85
19.08
19.23
19.45
19.69
19.88
20.09
20.3
20.54
20.77
21.41
21.64
21.85
22.09
23.15
23.33
23.521814
23.8
24.85
25.100771
25.69
25.890249
26.54
26.749388
27.46
27.654966
29.61
29.8
30.51
30.73
30.97
31.18
33.58
33.81
34.45
34.69
35.37
35.58
35.81
36.03
36.92
37.8
38.68
39.56
40.49
41.44
