0.19
0.43
0.650159
0.87
1.07
1.31
1.56
1.76
1.98
2.22
2.51
2.65
2.87
3.09
3.29
3.53
3.74
3.97
4.179592
4.41
4.64
4.86
5.122902
5.3
5.54
5.775964
5.99
6.23
6.42
6.66
6.85
7.15
7.35
7.57
7.778685
7.981859
8.18
8.44
8.65
8.87
9.07
9.32
9.54
9.705941
9.82
9.926531
10.03
10.14
10.38
10.66
10.85
11.07
11.28
11.476463
11.71
11.94
12.16
12.35
12.55
12.77
12.98
13.19
13.38
13.61
13.8
14.08
14.28
14.48
14.69
14.87
15.11
15.33
15.53
15.73
15.9
16.12
16.34
16.57
16.75
16.98
17.18
17.37
17.61
17.82
18.02
18.23
18.4
18.65
18.84
19.05
19.26
19.46
19.66
19.87
20.01
20.114286
20.2
20.3
20.51
20.74
20.94
21.22
21.913832
22.07
22.37
22.57
22.73
22.96
23.597279
23.77
23.996372
24.18
24.37
24.63
25.070295
25.27
25.49
25.92
26.16
26.35
26.804535
27.01
27.26
27.718821
28.36
28.55
28.75
28.94
29.21
29.42
31.85
32.11
32.22
32.33
32.43
32.53
32.79
32.943311
33.19
33.42
33.58
33.83
34.0
34.26
34.51
34.69
34.93
35.16
35.82
36.01
36.24
36.47
36.69
36.93
37.587302
37.82
38.247619
38.46
38.68
39.32
39.59
40.010884
40.19
40.41
41.14
41.47
42.76
