0.15
0.42
1.1
1.31
1.98
2.19
2.43
2.65
2.829932
3.07
3.3
3.52
3.75
3.94
4.61
4.84
5.55
5.712109
5.99
6.217143
6.43
6.652517
6.9
7.1
7.32
7.56
8.23
8.45
9.06
9.29
9.71
10.16
10.84
11.08
11.3
11.51
11.71
11.91
12.17
12.37
12.56
12.77
12.98
13.15
13.4
13.62
13.84
14.04
14.28
14.47
14.67
14.9
15.1
15.3
15.51
15.72
15.92
16.13
16.34
16.55
16.74
16.98
17.18
17.37
17.56
17.81
18.03
18.23
18.43
18.64
18.85
19.06
19.26
19.47
19.68
19.89
20.101224
20.33
20.53
20.75
20.98
21.22
21.838367
22.07
22.243265
22.51
22.71
22.92
23.549388
23.78
23.993469
24.21
24.41
24.64
25.090612
25.27
25.48
25.9
26.11
26.37
26.762449
27.05
27.26
27.637551
28.77
29.0
29.191837
29.45
30.07
30.3
30.384762
30.511746
30.593016
30.735238
30.99
31.21
31.87
32.1
32.213333
32.32
32.42
32.52
32.782222
32.95
33.17
33.4
33.625397
33.85
34.06
34.28
34.473651
34.71
35.4
35.6
35.81
36.04
36.286984
36.48
37.13
37.35
38.01
38.15
38.9
39.14
39.77
39.97
40.69
40.94
41.19
41.48
