2.303492
2.709841
2.826667
3.100952
3.380317
4.134603
4.253968
4.360635
4.490159
4.617143
4.72381
4.868571
5.20127
5.67619
5.925079
6.196825
6.686984
6.968889
7.220317
7.461587
7.720635
7.982222
8.528254
8.911746
9.053968
9.335873
9.6
10.356825
10.471111
10.577778
10.712381
10.846984
10.948571
11.073016
11.36254
11.461587
11.560635
11.68254
11.834921
11.933968
12.055873
12.31746
12.436825
12.546032
12.650159
12.784762
12.886349
13.026032
13.147937
13.264762
13.803175
14.041905
14.234921
14.356825
14.816508
15.080635
15.332063
15.573333
15.84254
16.149841
18.699683
19.073016
19.19746
19.43619
19.715556
20.439365
20.573968
20.685714
20.835556
20.95746
21.084444
21.208889
21.52381
21.975873
22.247619
22.501587
23.006984
23.27873
23.555556
23.789206
24.045714
24.294603
24.850794
25.211429
25.338413
25.612698
25.864127
26.600635
26.735238
26.859683
27.001905
27.108571
27.222857
27.347302
27.619048
27.725714
27.827302
27.979683
28.088889
28.198095
28.312381
28.56127
28.683175
28.782222
28.904127
29.031111
29.135238
29.262222
29.396825
29.546667
29.991111
30.273016
30.433016
30.542222
31.009524
31.266032
31.537778
31.796825
32.058413
32.342857
33.818413
34.217143
34.341587
34.620952
34.864762
35.616508
35.740952
35.855238
35.982222
36.101587
36.215873
36.368254
36.886349
37.104762
37.35619
37.907302
39.11619
39.423492
40.416508
40.965079
41.328254
41.462857
41.749841
41.99619
42.780952
42.913016
43.032381
43.156825
43.271111
43.36
43.494603
43.738413
43.979683
44.23619
44.48254
45.208889
45.470476
45.75746
46.252698
46.549841
46.821587
47.273651
47.555556
47.857778
48.063492
48.330159
48.619683
