0.18576
0.597914
0.719819
1.012971
1.282902
2.028844
2.133333
2.261043
2.394558
2.499048
2.589025
2.742857
3.506939
3.653878
3.742041
3.853061
4.385306
4.891429
5.410612
5.900408
6.445714
6.951837
7.242449
7.467755
7.732245
7.983673
9.564082
9.965714
10.070204
10.331429
10.618776
11.317551
11.438367
11.555918
11.696327
11.787755
11.911837
12.019592
12.303673
12.421224
12.532245
12.675918
12.773878
12.881633
12.989388
13.524898
14.044082
14.315102
14.543673
14.817959
15.079184
16.672653
17.044898
17.214694
17.456327
17.727347
18.471837
18.592653
18.693878
18.82449
18.955102
19.049796
19.206531
19.869388
20.016327
20.150204
20.257959
20.705306
21.211429
21.717551
22.213878
22.772245
23.271837
23.536327
23.774694
24.035918
24.287347
25.825306
26.226939
26.337959
26.631837
26.873469
27.565714
27.693061
27.823673
27.973878
28.088163
28.169796
28.290612
28.581224
28.702041
28.822857
28.901224
29.00898
29.093878
29.250612
29.769796
30.262857
30.530612
30.759184
31.026939
31.284898
32.764082
33.178776
33.319184
33.606531
33.854694
34.605714
34.739592
34.847347
34.994286
35.08898
35.186939
35.350204
35.856327
36.071837
36.349388
36.924082
38.099592
38.390204
38.844082
39.644082
39.807347
39.95102
40.097959
40.20898
40.336327
40.470204
40.587755
40.718367
40.842449
40.976327
41.080816
41.188571
41.312653
41.482449
41.995102
42.386939
42.527347
42.785306
43.033469
43.73551
43.879184
43.970612
44.107755
44.225306
44.32
44.447347
44.721633
44.973061
45.204898
45.505306
46.027755
47.046531
47.578776
