0.203175
0.464399
1.248073
1.465760
4.252154
4.498866
5.253515
5.485714
8.344671
8.562358
9.317007
9.578231
10.303855
10.594104
11.087528
11.639002
12.413968
12.667937
12.952381
13.216508
13.450159
13.683810
13.927619
14.191746
14.455873
14.689524
14.923175
15.177143
15.420952
15.654603
15.928889
16.152381
16.426667
16.650159
16.904127
17.168254
17.381587
17.655873
17.889524
18.123175
18.356825
18.610794
18.864762
19.078095
19.332063
19.586032
19.829841
20.073651
20.327619
20.571429
20.815238
21.048889
21.282540
21.536508
21.780317
22.054603
22.267937
22.521905
22.745397
22.999365
23.263492
23.517460
23.740952
23.964444
24.756825
25.000635
25.274921
25.549206
26.788571
27.022222
27.316825
27.570794
28.840635
29.125079
29.836190
30.110476
30.852063
31.136508
31.888254
32.162540
32.436825
32.700952
33.432381
33.726984
33.950476
34.265397
35.017143
35.260952
35.393016
35.525079
35.646984
35.829841
36.063492
36.317460
36.561270
36.886349
37.648254
37.902222
38.217143
38.450794
38.704762
38.979048
39.720635
40.045714
43.398095
43.641905
44.403810
44.698413
45.450159
45.724444
46.476190
46.730159
47.532698
47.806984
48.040635
48.325079
