0.243810
0.518095
1.249524
1.513651
4.246349
4.561270
5.292698
5.546667
8.320000
8.594286
9.325714
9.630476
10.311111
10.595556
11.073016
11.611429
12.434286
12.708571
12.921905
13.186032
13.450159
13.683810
13.897143
14.110476
14.425397
14.699683
14.892698
15.095873
15.410794
15.624127
15.939048
16.172698
16.436825
16.650159
16.965079
17.168254
17.401905
17.655873
17.899683
18.102857
18.387302
18.610794
18.885079
19.139048
19.393016
19.606349
19.850159
20.124444
20.347937
20.581587
20.815238
21.059048
21.313016
21.587302
21.800635
22.044444
22.298413
22.521905
22.775873
23.019683
23.263492
23.588571
23.801905
24.045714
24.766984
25.041270
25.305397
25.549206
26.758095
27.012063
27.306667
27.641905
28.840635
29.094603
29.795556
30.110476
30.801270
31.106032
31.867937
32.193016
34.448254
34.793651
35.525079
35.799365
36.083810
36.358095
39.222857
39.517460
40.279365
40.573968
41.325714
41.559365
41.823492
42.107937
43.093333
44.149841
45.175873
46.212063
47.319365
48.386032
