0.172698
0.487619
0.761905
1.031111
1.259683
1.533968
1.823492
2.046984
2.280635
2.483810
2.793651
3.073016
3.271111
3.520000
3.748571
4.033016
4.256508
4.535873
4.800000
5.033651
5.262222
5.536508
5.795556
6.054603
6.308571
6.552381
6.821587
7.040000
7.339683
7.568254
7.847619
8.081270
8.325079
8.599365
8.853333
9.092063
9.330794
9.610159
9.843810
10.062222
10.351746
10.610794
10.854603
11.093333
11.240635
11.367619
11.489524
11.641905
11.890794
12.165079
12.419048
12.688254
12.916825
13.165714
13.429841
13.678730
13.917460
14.171429
14.415238
14.648889
14.918095
15.187302
15.410794
15.659683
15.898413
16.157460
16.416508
16.660317
16.914286
17.178413
17.346032
17.650794
17.879365
18.138413
18.377143
18.620952
18.880000
19.118730
19.342222
19.596190
19.845079
20.088889
20.312381
20.571429
20.794921
21.048889
21.313016
21.541587
21.810794
22.039365
22.283175
22.532063
22.765714
22.989206
23.136508
23.278730
23.390476
23.517460
23.735873
24.025397
24.304762
24.528254
25.269841
25.518730
25.793016
26.011429
26.280635
26.575238
27.286349
27.575873
27.840000
28.063492
28.317460
28.591746
29.109841
29.348571
29.587302
30.105397
30.384762
30.648889
31.146667
31.395556
31.700317
32.243810
32.919365
33.188571
33.462857
33.721905
34.001270
34.260317
37.150476
37.409524
37.566984
37.688889
37.790476
37.922540
38.201905
38.466032
38.720000
38.984127
39.243175
39.522540
39.776508
40.066032
40.325079
40.528254
40.807619
41.071746
41.848889
42.082540
42.377143
42.595556
42.874921
43.184762
43.890794
44.185397
44.810159
45.003175
45.241905
45.917460
46.257778
46.775873
47.019683
47.314286
48.106667
48.421587
50.041905
