0.203175
0.478912
1.240816
1.516553
2.285714
2.568707
2.800907
3.062132
3.287075
3.533787
3.773243
4.012698
4.266667
4.535147
5.282540
5.551020
6.320181
6.581406
6.828118
7.321542
7.560998
7.807710
8.047166
8.156009
8.293878
8.555102
9.331519
9.585488
10.311111
10.579592
11.065760
11.595465
12.371882
12.676644
12.901587
13.162812
13.402268
13.663492
13.931973
14.171429
14.418141
14.650340
14.911565
15.151020
15.397732
15.680726
15.905669
16.145125
16.413605
16.645805
16.892517
17.124717
17.393197
17.610884
17.872109
18.097052
18.343764
18.604989
18.858957
19.091156
19.345125
19.584580
19.809524
20.063492
20.302948
20.535147
20.709297
20.825397
21.050340
21.304308
21.500227
21.768707
22.015420
22.262132
22.501587
22.733787
22.995011
23.248980
23.488435
23.742404
23.981859
24.243084
24.504308
25.237188
25.534694
25.766893
26.028118
26.282086
26.536054
27.218141
27.566440
27.791383
28.052608
28.313832
28.575057
29.061224
29.344218
29.598186
30.084354
30.360091
30.599546
31.172789
31.404989
31.651701
32.188662
33.429478
33.712472
33.966440
34.227664
35.018594
35.279819
35.591837
35.787755
36.063492
36.339229
37.115646
37.384127
37.551020
37.681633
37.790476
37.906576
38.175057
38.429025
38.697506
38.973243
39.256236
39.510204
39.771429
40.003628
40.264853
40.547846
41.302494
41.563719
41.817687
42.107937
42.354649
42.601361
43.421315
43.718821
44.422676
44.662132
45.474830
45.765079
46.505215
46.766440
47.557370
47.833107
48.094331
48.428118
