6.652517
7.674195
8.022494
8.730703
9.398277
11.52
11.842177
12.173061
12.442993
12.791293
13.052517
13.379048
13.879728
14.911565
15.412245
15.804082
16.666122
17.101497
17.484626
17.876463
18.220408
18.599184
19.291429
19.84
19.940136
20.30585
20.628027
21.594558
21.751293
21.912381
22.121361
22.247619
22.382585
22.57415
22.909388
23.026939
23.192381
23.366531
23.484082
23.623401
23.767075
24.084898
24.219864
24.363537
24.481088
24.672653
24.803265
24.968707
25.09932
25.238639
25.778503
26.052789
26.179048
26.34449
26.797279
27.058503
27.315374
27.533061
27.759456
28.038095
30.336871
30.733061
30.850612
31.107483
31.342585
32.06966
32.182857
32.291701
32.404898
32.531156
32.622585
32.718367
32.975238
33.445442
33.667483
33.880816
34.298776
34.533878
34.790748
35.02585
35.243537
35.469932
35.879184
36.223129
36.323265
36.588844
36.828299
37.455238
37.572789
37.668571
37.768707
37.903673
38.012517
38.108299
38.36517
38.46966
38.582857
38.704762
38.79619
38.891973
38.996463
39.21415
39.318639
39.427483
39.545034
39.658231
39.758367
39.880272
39.984762
40.089252
40.502857
40.729252
40.825034
40.938231
41.343129
41.578231
41.813333
42.017959
42.209524
42.475102
43.750748
44.099048
44.199184
44.434286
44.643265
45.339864
45.457415
45.596735
45.736054
45.866667
45.984218
46.106122
46.637279
46.898503
47.159728
47.703946
48.936054
49.310476
50.586122
51.260952
51.748571
51.961905
52.345034
52.702041
53.742585
53.912381
54.112653
54.334694
54.46966
54.635102
54.848435
55.227211
55.592925
55.971701
56.42449
57.573878
58.026667
58.501224
59.34585
59.829116
60.377687
61.418231
61.962449
62.663401
63.29034
64.165442
65.602177
