0.211882
1.816961
2.324898
3.018594
3.75873
5.925442
6.286803
6.60898
6.987755
7.336054
7.684354
8.071837
9.795918
10.113741
10.492517
10.858231
12.203537
13.396463
14.502313
15.355646
16.282993
17.10585
17.52381
17.85034
18.250884
18.616599
20.606259
21.141769
21.272381
21.62068
21.908027
22.918095
23.079184
23.192381
23.357823
23.484082
23.627755
23.762721
24.115374
24.245986
24.376599
24.52898
24.668299
24.790204
24.929524
25.512925
26.022313
26.34449
26.575238
26.84517
27.058503
28.460408
28.856599
28.961088
29.222313
29.444354
30.14966
30.267211
30.393469
30.524082
30.628571
30.72
30.854966
31.49932
31.60381
31.686531
31.782313
32.200272
32.70966
33.197279
33.619592
34.076735
34.546939
34.795102
35.012789
35.2
35.395918
36.767347
37.115646
37.194014
37.455238
37.677279
38.343401
38.465306
38.565442
38.674286
38.813605
38.905034
38.987755
39.253333
39.353469
39.440544
39.545034
39.649524
39.767075
39.862857
40.267755
40.71619
40.903401
41.125442
41.347483
41.556463
42.88
43.202177
43.328435
43.594014
43.789932
44.442993
44.560544
44.678095
44.795646
44.908844
45.013333
45.135238
45.64898
45.910204
46.206259
46.672109
47.921633
48.187211
48.714014
49.571701
49.719728
49.911293
50.098503
50.237823
50.368435
50.529524
50.681905
50.890884
51.047619
51.221769
51.365442
51.574422
51.709388
51.905306
52.61932
53.250612
53.355102
53.738231
54.099592
55.201088
55.388299
55.579864
55.801905
55.976054
56.189388
56.359184
56.825034
57.221224
57.586939
57.974422
58.919184
60.887075
62.005986
