2.194286
2.586122
2.694966
2.936599
3.213061
3.905306
4.042449
4.142585
4.281905
4.416871
4.512653
4.647619
4.891429
5.324626
5.55102
5.82966
6.299864
6.558912
6.804898
7.033469
7.288889
7.509841
8.027937
8.40381
8.502857
8.792381
9.053968
9.767619
9.884444
10.00127
10.107937
10.229841
10.32381
10.450794
10.709841
10.821587
10.946032
11.085714
11.179683
11.306667
11.413333
11.659683
11.771429
11.883175
11.994921
12.116825
12.215873
12.342857
12.467302
12.553651
13.003175
13.246984
13.376508
13.52127
14.00127
14.273016
14.496508
14.72254
14.96127
15.258413
17.721905
18.092698
18.222222
18.47873
18.730159
19.446349
19.553016
19.669841
19.796825
19.908571
20.005079
20.149841
20.378413
20.868571
21.163175
21.401905
21.833651
22.07746
22.341587
22.587937
22.819048
23.03746
23.540317
23.939048
24.045714
24.31746
24.579048
25.333333
25.455238
25.554286
25.686349
25.803175
25.912381
26.044444
26.303492
26.438095
26.552381
26.674286
26.786032
26.872381
26.984127
27.233016
27.339683
27.459048
27.588571
27.697778
27.814603
27.954286
28.091429
28.185397
28.629841
28.866032
28.995556
29.140317
29.551746
29.826032
30.059683
30.285714
30.534603
30.791111
32.266667
32.665397
32.779683
33.03873
33.28
34.052063
34.166349
34.257778
34.392381
34.486349
34.575238
34.681905
35.268571
35.52254
35.789206
36.251429
37.528889
37.828571
38.872381
39.408254
39.76127
39.900952
40.16254
40.426667
41.160635
41.264762
41.396825
41.528889
41.643175
41.726984
41.871746
42.138413
42.379683
42.626032
42.872381
43.568254
43.84254
44.101587
44.617143
44.901587
45.229206
45.655873
45.950476
46.222222
46.450794
46.704762
47.03746
