0.180317
0.597914
0.714014
0.981043
1.250975
1.967891
2.063673
2.179773
2.313288
2.470023
2.554195
2.69932
3.346576
3.465578
3.578776
3.68907
4.165079
4.629478
5.13161
5.598912
6.080726
6.55093
6.806349
7.064671
7.293968
7.558095
9.009342
9.386667
9.511474
9.763991
9.990385
10.698594
10.832109
10.942404
11.064308
11.177506
11.284898
11.39229
11.65932
11.772517
11.877007
11.987302
12.117914
12.225306
12.338503
12.817415
13.267302
13.531429
13.766531
13.984218
14.248345
15.746032
16.149478
16.274286
16.515193
16.796735
17.510748
17.621043
17.725533
17.85034
17.969342
18.07093
18.204444
18.813968
18.961995
19.0839
19.214512
19.646984
20.131701
20.639637
21.112744
21.617778
22.090884
22.355011
22.601723
22.833923
23.08644
24.54059
24.938231
25.068844
25.330068
25.570975
26.305306
26.427211
26.537506
26.650703
26.790023
26.89161
27.00771
27.283447
27.379229
27.489524
27.596916
27.707211
27.834921
27.936508
28.424127
28.862404
29.126531
29.352925
29.582222
29.840544
31.274376
31.625578
31.761995
32.04644
32.301859
33.030385
33.146485
33.248073
33.375782
33.526712
33.637007
33.773424
34.269751
34.507755
34.742857
35.265306
36.539501
36.809433
37.302857
38.095238
38.23746
38.350658
38.498685
38.626395
38.736689
38.844082
39.006621
39.172063
39.279456
39.398458
39.500045
39.613243
39.720635
39.868662
40.408526
40.791655
40.887438
41.14576
41.392472
42.1239
42.254512
42.370612
42.489615
42.631837
42.739229
42.843719
43.107846
43.351655
43.60127
43.856689
44.382041
45.368889
45.911655
