0.195918
0.764082
1.234286
1.358367
2.213878
2.34449
2.481633
2.592653
2.710204
2.840816
2.964898
3.075918
3.206531
3.291429
3.441633
4.009796
4.48
4.564898
5.413878
5.524898
5.675102
5.792653
5.923265
6.040816
6.197551
6.341224
6.426122
6.550204
6.700408
7.216327
7.608163
7.758367
8.058776
8.587755
9.208163
9.534694
9.795918
10.083265
10.383673
10.932245
11.572245
11.833469
12.101224
12.388571
12.656327
12.950204
13.629388
14.171429
14.654694
14.772245
15.608163
15.745306
15.875918
15.986939
16.117551
16.267755
16.365714
16.483265
16.659592
16.783673
16.901224
17.49551
17.959184
18.063673
18.945306
19.082449
19.193469
19.317551
19.454694
19.572245
19.689796
19.826939
19.94449
20.062041
20.218776
20.734694
21.374694
21.65551
22.210612
22.530612
22.837551
23.092245
23.373061
23.634286
23.915102
24.228571
24.509388
25.051429
25.338776
25.586939
25.880816
26.142041
26.44898
27.657143
28.088163
28.199184
28.773878
29.178776
29.374694
29.622857
29.955918
31.111837
31.438367
31.725714
31.993469
32.326531
32.568163
32.862041
33.188571
33.436735
34.017959
34.67102
35.219592
35.363265
35.500408
35.62449
35.761633
35.879184
36.016327
36.16
36.316735
36.917551
37.361633
37.498776
37.851429
37.96898
38.086531
38.210612
38.341224
38.458776
38.635102
39.183673
39.647347
39.771429
40.065306
40.222041
40.378776
40.509388
40.626939
40.764082
40.888163
41.227755
41.835102
42.377143
42.932245
43.63102
43.95102
44.257959
44.506122
