0.235102041
0.822857143
1.227755102
1.371428571
2.644897959
2.808163265
2.951836735
3.082448980
3.193469388
3.311020408
3.487346939
4.062040816
4.434285714
4.564897959
5.916734694
6.034285714
6.164897959
6.295510204
6.413061224
6.543673469
6.706938776
7.203265306
7.595102041
7.745306122
8.078367347
8.607346939
9.195102041
9.547755102
9.769795918
10.076734694
10.383673469
10.938775510
11.526530612
11.846530612
12.166530612
12.408163265
12.688979592
12.982857143
13.675102041
14.230204082
14.804897959
15.640816327
15.908571429
16.163265306
16.417959184
16.698775510
16.940408163
17.541224490
18.168163265
18.938775510
19.219591837
19.493877551
19.735510204
19.996734694
20.277551020
20.826122449
21.322448980
22.171428571
22.791836735
23.144489796
23.399183673
23.673469388
23.928163265
24.189387755
24.496326531
25.077551020
25.345306122
25.600000000
25.848163265
26.174693878
26.475102041
27.631020408
28.048979592
28.186122449
28.819591837
29.087346939
29.342040816
29.635918367
30.034285714
31.190204082
31.484081633
31.751836735
32.097959184
32.326530612
32.561632653
32.829387755
33.123265306
33.423673469
33.887346939
34.050612245
34.618775510
35.395918367
35.546122449
35.676734694
35.794285714
35.931428571
36.068571429
36.192653061
36.355918367
36.937142857
37.348571429
37.472653061
37.949387755
38.086530612
38.217142857
38.347755102
38.478367347
38.615510204
39.216326531
39.640816327
39.791020408
40.215510204
40.352653061
40.489795918
40.626938776
40.751020408
40.894693878
41.168979592
41.795918367
42.396734694
42.971428571
43.663673469
43.931428571
44.231836735
44.547482993