0.182857
0.812698
1.219048
1.371429
1.909841
2.046984
2.168889
2.31619
2.443175
2.580317
2.697143
2.824127
2.951111
3.067937
3.194921
3.301587
3.474286
4.043175
4.429206
4.586667
5.12
5.28254
5.419683
5.541587
5.668571
5.805714
5.92254
6.054603
6.171429
6.303492
6.425397
6.532063
6.709841
7.273651
7.649524
7.796825
8.045714
8.604444
9.224127
9.493333
9.803175
10.107937
10.351746
11.017143
11.550476
11.860317
12.363175
12.96254
13.587302
14.212063
14.613333
14.786032
15.344762
15.492063
15.629206
15.746032
15.873016
16.005079
16.126984
16.24381
16.375873
16.528254
16.629841
16.761905
16.949841
17.503492
17.935238
18.087619
18.656508
18.80381
18.951111
19.052698
19.194921
19.306667
19.44381
19.586032
19.723175
19.855238
19.961905
20.093968
20.246349
20.805079
21.236825
21.323175
21.688889
22.212063
22.80127
23.095873
23.390476
23.669841
23.949206
24.467302
25.005714
25.371429
25.904762
26.529524
27.073016
27.652063
28.068571
28.175238
28.774603
29.221587
29.353651
29.622857
29.932698
30.735238
30.852063
30.948571
31.12127
31.431111
31.700317
31.989841
32.325079
32.599365
32.873651
33.178413
33.452698
34.031746
34.600635
34.996825
35.12381
35.240635
35.367619
35.499683
35.646984
35.748571
35.880635
36.033016
36.16
36.342857
36.911746
37.323175
37.465397
37.815873
37.968254
38.100317
38.23746
38.349206
38.47619
38.659048
39.233016
39.634286
39.796825
40.147302
40.279365
40.40127
40.518095
40.64
40.751746
40.924444
41.224127
41.777778
42.39746
42.951111
43.631746
43.956825
44.251429
44.535873
