0.150567
0.406349
1.142857
1.367075
3.957551
4.177415
4.858776
5.091701
7.490612
7.680000
7.895510
8.600816
8.833741
9.528163
9.754558
10.229116
10.644898
11.387211
11.622313
11.848707
12.066395
12.294966
12.530068
12.754286
12.995918
13.213605
13.422585
13.646803
13.851429
14.093061
14.310748
14.543673
14.741769
14.994286
15.205442
15.423129
15.645170
15.854150
16.065306
16.280816
16.500680
16.740136
16.951293
17.173333
17.393197
17.630476
17.830748
18.048435
18.248707
18.499048
18.692789
18.917007
19.117279
19.354558
19.577324
19.807347
20.001814
20.229660
20.434286
20.667211
20.908844
21.111293
21.326803
21.535782
21.755646
22.519728
22.739592
22.933333
23.240272
24.304762
24.518095
24.743764
25.001361
26.078912
26.303129
26.975782
27.252245
27.857415
28.101224
28.793469
29.002449
29.254966
29.500952
30.230204
30.408707
30.628571
30.861497
31.549388
31.751837
31.836735
31.954286
32.045714
32.202449
32.437551
32.640000
32.899048
33.129796
33.850340
34.061497
34.324898
34.492517
34.749388
34.986667
35.598367
35.853061
38.857143
39.048707
39.751837
39.945578
40.642177
40.877279
41.547755
41.780680
42.468571
42.714558
43.004082
43.319728
