0.147302
0.431746
1.117460
1.385941
3.907483
4.161451
4.854422
5.122902
7.633560
7.909297
8.580499
8.859864
9.516553
9.745125
10.213152
10.626757
11.410431
11.641905
11.845442
12.109932
12.320000
12.547483
12.769524
12.988299
13.200544
13.441088
13.670748
13.882993
14.105034
14.335782
14.517551
14.765714
14.928980
15.201088
15.447075
15.664762
15.851973
16.010884
16.330884
16.498503
16.729252
16.960000
17.142857
17.388844
17.586939
17.811156
18.037551
18.259592
18.485986
18.705850
18.934422
19.165170
19.352381
19.567891
19.781224
20.005442
20.231837
20.434286
20.643265
20.895782
21.113469
21.350748
21.568435
21.831837
22.493605
22.737415
22.994286
23.196735
24.111020
24.300408
24.507211
24.751020
24.983946
26.052789
26.287891
26.969252
27.269660
27.849433
28.194830
28.776054
29.061224
31.016054
31.294694
31.971701
32.222041
32.568163
35.156463
35.408980
36.075102
37.000272
37.233197
37.446531
37.692517
38.587211
39.505850
40.389660
41.327891
42.213878
43.324082
