0.153651
0.426667
0.646349
0.921905
1.150476
1.368889
1.640635
1.864127
2.060952
2.295873
2.571429
2.802540
2.979048
3.246984
3.488254
3.713016
3.939048
4.173968
4.398730
4.633651
4.876190
5.099683
5.360000
5.583492
5.785397
6.062222
6.275556
6.533333
6.747937
6.963810
7.194921
7.414603
7.663492
7.907302
8.185397
8.438095
8.593016
8.844444
9.103492
9.300317
9.523810
9.761270
10.010159
10.219683
10.356825
10.463492
10.532063
10.683175
10.928254
11.136508
11.372698
11.617778
11.864127
12.074921
12.280635
12.530794
12.765714
12.963810
13.193651
13.415873
13.639365
13.880635
14.092698
14.308571
14.537143
14.754286
14.984127
15.200000
15.405714
15.631746
15.838730
16.072381
16.286984
16.511746
16.698413
16.933333
17.187302
17.400635
17.624127
17.836190
18.060952
18.265397
18.499048
18.720000
18.946032
19.149206
19.354921
19.570794
19.771429
20.012698
20.234921
20.440635
20.656508
20.886349
21.023492
21.144127
21.224127
21.326984
21.587302
21.791746
22.011429
22.265397
22.999365
23.178413
23.443810
23.646984
23.865397
24.091429
24.746667
24.957460
25.175873
25.382857
25.600000
25.852698
26.346667
26.553651
26.789841
27.226667
27.428571
27.676190
28.158730
28.350476
28.586667
29.042540
29.692698
29.945397
30.180317
30.392381
30.594286
30.817778
33.368889
33.605079
33.737143
33.870476
33.961905
34.050794
34.337778
34.517551
34.728889
34.928254
35.212698
35.406984
35.646984
35.870476
36.153651
36.322540
36.556190
36.780952
37.461587
37.685079
37.909841
38.128254
38.379683
38.608254
39.321905
39.535238
40.030476
40.193016
40.420317
41.113651
41.356190
41.791746
42.003810
42.222222
43.010794
43.329524
45.192381
