0.150930
0.409977
1.164626
1.404082
2.075283
2.321995
2.559637
2.799093
2.993197
3.230839
3.484807
3.695238
3.941950
4.156009
4.863492
5.092063
5.799546
6.071655
6.256689
6.490703
6.737415
6.985941
7.178231
7.441270
7.620862
7.885714
8.607710
8.832653
9.529252
9.763265
10.207710
10.684807
11.412245
11.624490
11.847619
12.045351
12.293878
12.531519
12.741950
12.974150
13.186395
13.404082
13.632653
13.803175
14.078912
14.316553
14.546939
14.770068
14.980499
15.200000
15.412245
15.631746
15.840363
16.039909
16.284807
16.535147
16.727438
16.945125
17.148299
17.393197
17.590930
17.826757
18.062585
18.256689
18.487075
18.699320
18.933333
19.151020
19.346939
19.582766
19.787755
20.027211
20.244898
20.460771
20.665760
20.890703
21.124717
21.333333
21.574603
21.801361
22.004535
22.285714
23.029478
23.178231
23.388662
23.619048
23.827664
24.063492
24.761905
24.966893
25.199093
25.424036
25.621769
25.857596
26.349206
26.565079
26.753741
27.219955
27.421315
27.655329
28.172336
28.348299
28.582313
29.066667
30.156916
30.400000
30.628571
30.860771
31.519274
31.742404
31.873016
31.960091
32.103401
32.201361
32.460771
32.691156
33.387755
33.607256
33.712472
33.814059
33.930159
34.042630
34.249433
34.508844
34.724717
34.958730
35.201814
35.424943
35.622676
35.860317
36.079819
36.321088
37.023129
37.239002
37.440363
37.687075
37.861224
38.165986
38.808163
39.069388
39.747846
39.956463
40.607710
40.868934
41.563719
41.761088
42.501587
42.750113
42.991383
43.307029
