0.181406
0.598639
0.729252
1.008617
1.306122
2.020862
2.14059
2.249433
2.398186
2.492517
2.608617
2.731973
3.486621
3.617234
3.762358
3.885714
4.371882
4.890703
5.445805
5.910204
6.396372
6.878912
7.15102
7.386848
7.658957
7.876644
9.509297
9.912018
10.028118
10.318367
10.568707
11.323356
11.4322
11.544671
11.675283
11.787755
11.907483
12.023583
12.284807
12.400907
12.535147
12.651247
12.767347
12.890703
12.995918
13.53288
14.01542
14.287528
14.530612
14.76644
15.020408
16.569615
16.932426
17.095692
17.378685
17.643537
18.321995
18.456236
18.554195
18.702948
18.808163
18.917007
19.054875
19.747846
19.882086
19.987302
20.128798
20.622222
21.133787
21.645351
22.124263
22.59229
23.096599
23.346939
23.600907
23.847619
24.087075
25.618141
26.002721
26.122449
26.387302
26.492517
26.637642
27.385034
27.493878
27.606349
27.718821
27.845805
27.958277
28.070748
28.324717
28.451701
28.582313
28.6839
28.821769
28.959637
29.068481
29.576417
30.051701
30.298413
30.559637
30.795465
31.049433
32.562358
32.961451
33.09932
33.385941
33.636281
34.441723
34.565079
34.670295
34.790023
34.946032
35.054875
35.192744
35.693424
35.943764
36.197732
36.778231
37.964626
38.218594
38.748299
39.568254
39.673469
39.804082
39.92381
40.072562
40.17415
40.344671
40.453515
40.620408
40.725624
40.878005
40.997732
41.153741
41.306122
41.46576
42.017234
42.401814
42.52517
42.779138
43.040363
43.795011
43.911111
44.00907
44.154195
44.277551
44.408163
44.535147
44.796372
45.035828
45.286168
45.518367
46.040816
47.060317
47.586395
