2.259592
2.657959
2.801633
3.082449
3.350204
4.114286
4.26449
4.37551
4.499592
4.623673
4.728163
4.897959
5.198367
5.668571
5.910204
6.164898
6.648163
6.889796
7.190204
7.418776
7.673469
7.915102
8.489796
8.84898
8.973061
9.253878
9.534694
10.35102
10.462041
10.566531
10.697143
10.817959
10.922449
11.056327
11.324082
11.425306
11.552653
11.693061
11.804082
11.905306
12.016327
12.300408
12.408163
12.519184
12.662857
12.764082
12.862041
13.005714
13.208163
13.315918
13.76
14.017959
14.160544
14.262857
14.746122
14.992109
15.281633
15.510204
15.75619
16.078367
18.581769
18.960544
19.06068
19.352381
19.609252
20.364626
20.48
20.606259
20.871837
20.965442
21.106939
21.416054
21.884082
22.127891
22.382585
22.846259
23.096599
23.379592
23.60381
23.858503
24.10449
24.613878
25.014422
25.121088
25.395374
26.411973
26.531701
26.634014
26.792925
26.88
26.999728
27.125986
27.406803
27.506939
27.639728
27.761633
27.872653
27.988027
28.088163
28.26449
28.360272
28.466939
28.580136
28.710748
28.823946
28.930612
29.056871
29.250612
29.33551
29.792653
30.044082
30.189388
30.297143
30.773878
31.048163
31.324082
31.55102
31.795918
32.106122
33.640816
34.070204
34.171429
34.45551
34.693878
35.467755
35.609796
35.720816
35.857959
35.967347
36.062041
36.218776
36.703673
36.966531
37.240816
37.745306
38.93551
39.266939
40.378776
40.927347
41.302857
41.422041
41.781224
42.022857
42.780408
42.912653
43.026939
43.203265
43.293061
43.392653
43.533061
43.813878
44.042449
44.277551
44.52898
45.276735
45.526531
45.781224
46.27102
46.548571
46.835918
47.314286
47.606531
47.861224
48.097959
48.393469
48.698776
