0.225306
0.424490
1.142857
1.338776
3.898776
4.101224
4.830476
5.045986
7.538503
7.777959
8.452789
8.698776
9.600000
10.063673
10.512109
11.237007
11.487347
11.698503
11.907483
12.127347
12.340680
12.567075
12.791293
13.000272
13.250612
13.453061
13.659864
13.875374
14.101769
14.312925
14.526259
14.739592
14.983401
15.192381
15.390476
15.608163
15.817143
16.021769
16.230748
16.439728
16.672653
16.881633
17.081905
17.310476
17.528163
17.724082
17.957007
18.185578
18.390204
18.601361
18.810340
19.041088
19.245714
19.463401
19.663673
19.887891
20.085986
20.301497
20.475646
20.749932
20.969796
21.183129
21.413878
22.121361
22.347755
22.532789
22.820136
23.893333
24.113197
24.341769
24.587755
25.652245
25.867755
26.514286
26.734150
27.419864
27.633197
28.325442
28.554014
28.791293
29.030748
29.694694
29.931973
30.164898
30.382585
31.061769
31.255510
31.364354
31.490612
31.584218
31.734422
32.004354
32.163265
32.387483
32.611701
33.273469
33.512925
33.763265
33.943946
34.159456
34.422857
35.021497
35.313197
38.175782
38.434830
39.111837
39.329524
40.010884
40.248163
40.885986
41.092789
41.800272
42.078912
42.331429
42.668844
