0.208980
0.435374
1.105850
1.367075
3.874830
4.162177
4.806531
5.059048
7.527619
7.775782
8.494150
8.733605
9.382313
9.634830
10.052789
10.479456
11.250794
11.488435
11.697052
11.912925
12.108844
12.344671
12.573243
12.801814
13.019501
13.204535
13.449433
13.681633
13.882993
14.093424
14.287528
14.597732
14.751927
14.915193
15.232653
15.410431
15.595465
15.845805
16.047166
16.243084
16.449887
16.669388
16.885261
17.128345
17.311565
17.503855
17.732426
17.951927
18.156916
18.398186
18.619501
18.820862
19.042177
19.261678
19.490249
19.687982
19.907483
20.132426
20.328345
20.544218
20.772789
20.983220
21.204535
21.436735
22.127891
22.309297
22.530612
22.822676
23.854875
24.087075
24.310204
24.553288
25.641723
25.904762
26.534240
26.797279
27.379592
27.687982
28.342857
28.595011
30.565079
30.826304
31.541043
31.755102
31.896599
32.123356
34.590476
34.822676
35.466667
35.753288
36.417234
36.649433
36.847166
37.101134
37.997279
38.889796
39.785941
40.683900
41.558277
42.594104
