0.178503
0.417959
0.679184
0.909932
1.110204
1.371429
1.643537
1.837642
2.064399
2.294785
2.552381
2.757370
2.995011
3.200000
3.455782
3.689796
3.898413
4.146939
4.373696
4.591383
4.794558
5.032200
5.273469
5.498413
5.712472
5.966440
6.205896
6.434467
6.641270
6.868027
7.103855
7.296145
7.542857
7.804082
8.056236
8.263039
8.466213
8.700227
8.968707
9.173696
9.378685
9.603628
9.834014
10.053515
10.214966
10.318367
10.387302
10.505215
10.753741
11.011338
11.218141
11.468481
11.704308
11.911111
12.137868
12.348299
12.553288
12.794558
12.999546
13.217234
13.440363
13.658050
13.866667
14.077098
14.311111
14.517914
14.753741
14.960544
15.181859
15.372336
15.591837
15.845805
16.010884
16.257596
16.424490
16.658503
16.897959
17.102948
17.293424
17.514739
17.759637
17.950113
18.182313
18.392744
18.597732
18.808163
19.018594
19.243537
19.453968
19.669841
19.883900
20.088889
20.319274
20.527891
20.616780
20.703855
20.803628
20.972336
21.204535
21.414966
21.650794
21.906576
22.588662
22.799093
23.018594
23.216327
23.437642
23.684354
24.337415
24.551474
24.774603
24.986848
25.150113
25.418594
25.904762
26.068027
26.331066
26.780952
26.960544
27.190930
27.653515
27.925624
28.163265
28.605896
29.228118
29.494785
29.754195
29.922902
30.118821
30.276644
32.881633
33.108390
33.237188
33.369615
33.514739
33.779592
33.944671
34.171429
34.390930
34.646712
34.831746
35.065760
35.268934
35.524717
35.733333
35.945578
36.197732
36.936054
37.115646
37.327891
37.485714
37.772336
38.020862
38.693878
38.889796
39.343311
39.535601
39.795011
40.453515
40.671202
41.117460
41.362358
41.569161
42.360091
42.624943
44.462585
