0.195918
0.431020
1.131973
1.371429
2.054966
2.285714
2.529524
2.777687
3.008435
3.182585
3.443810
3.652789
3.887891
4.096871
4.802177
5.019864
5.725170
5.986395
6.182313
6.417415
6.661224
6.883265
7.114014
7.344762
7.536327
7.780136
8.481088
8.698776
9.360544
9.617415
10.048435
10.501224
11.250068
11.450340
11.659320
11.907483
12.103401
12.351565
12.573605
12.800000
13.013333
13.222313
13.426939
13.648980
13.857959
14.106122
14.306395
14.532789
14.750476
14.946395
15.172789
15.377415
15.608163
15.812789
16.026122
16.239456
16.461497
16.657415
16.857687
17.084082
17.306122
17.528163
17.741497
17.989660
18.198639
18.403265
18.603537
18.821224
19.012789
19.234830
19.465578
19.683265
19.914014
20.127347
20.336327
20.545306
20.767347
20.967619
21.224490
21.433469
21.642449
21.925442
22.587211
22.809252
23.026939
23.222857
23.414422
23.666939
24.380952
24.537687
24.768435
24.973061
25.164626
25.425850
25.909116
26.118095
26.329252
26.468571
26.747211
26.964898
27.217415
27.321905
27.707211
27.881361
28.120816
28.582313
29.714286
29.945034
30.180136
30.400000
31.026939
31.244626
31.377959
31.482449
31.621224
31.715918
31.978776
32.191020
32.862041
33.067755
33.185306
33.291429
33.387755
33.500408
33.728980
33.933061
34.158367
34.388571
34.625306
34.817959
35.049796
35.258776
35.480816
35.719184
36.411429
36.656327
36.858776
37.075918
37.320816
37.554286
38.225306
38.455510
39.120000
39.363265
40.006531
40.253061
40.935510
41.124898
41.823673
42.070204
42.311837
42.640000
