0.187211
0.788027
0.909932
1.010068
1.129796
1.240816
1.351837
1.695782
1.800272
1.921633
2.02449
2.138776
2.266122
2.641633
2.729796
2.865306
2.982857
3.080816
3.201633
3.306122
3.423673
3.536327
3.653878
3.771429
3.874286
3.978776
4.099592
4.21551
4.334694
4.453878
4.569796
4.682449
4.8
4.906122
5.022041
5.137959
5.247347
5.350204
5.459592
5.583673
5.696327
5.800816
5.92
6.022857
6.151837
6.261224
6.36898
6.483265
6.595918
6.706939
6.819592
6.933878
7.048163
7.14449
7.253878
7.364898
7.480816
7.603265
7.712653
7.812245
7.929796
8.040816
8.155102
8.266122
8.413061
8.519184
8.635102
8.746122
8.858776
8.964898
9.074286
9.191837
9.317551
9.804082
10.285714
10.773878
11.24898
11.725714
12.202449
12.661224
13.154286
13.598367
14.084898
14.540408
14.995918
15.430204
15.887347
16.35102
16.826122
17.268571
17.683265
18.148571
18.574694
26.409796
26.875102
27.346939
27.79102
28.279184
28.757551
29.237551
29.709388
29.859592
29.964082
30.066939
30.174694
30.293878
30.406531
30.506122
30.643265
30.749388
30.876735
30.995918
31.103673
31.213061
31.324082
31.44
31.555918
31.670204
31.78449
31.89551
32.006531
32.11102
32.225306
32.331429
32.447347
32.558367
32.677551
32.76898
32.893061
33.010612
33.136327
33.239184
33.353469
33.49551
33.588571
33.712653
33.804082
33.929796
34.042449
34.171429
34.280816
34.373878
34.502857
34.623673
34.724898
34.847347
34.945306
35.066122
35.188571
35.302857
35.422041
35.523265
35.645714
35.748571
35.87102
35.96898
36.093061
36.207347
36.318367
36.426122
36.538776
36.646531
36.759184
36.870204
36.986122
37.079184
37.186939
37.307755
37.428571
37.537959
37.64898
37.76
37.874286
37.996735
38.097959
38.200816
38.328163
38.434286
38.545306
38.649796
38.76898
39.234286
39.686531
40.130612
40.586122
41.062857
41.185306
41.283265
41.392653
41.484082
41.598367
41.702857
41.804082
41.902041
42.017959
42.158367
42.244898
42.35102
42.811429
43.294694
43.766531
44.236735
44.360816
44.493061
44.599184
44.69551
44.808163
44.906122
45.026939
45.133061
45.234286
45.342041
45.454694
45.554286
45.64898
45.776327
45.874286
45.985306
46.476735
46.946939
47.420408
47.893878
48.026122
48.161633
48.261224
48.365714
48.493061
48.587755
48.700408
48.809796
48.925714
49.046531
49.136327
49.229388
49.364898
49.479184
49.578776
49.688163
50.163265
50.28898
50.390204
50.493061
50.594286
51.046531
51.278367
51.395918
51.511837
51.62449
51.732245
51.861224
51.978776
52.096327
52.218776
52.318367
52.43102
52.553469
52.66449
52.770612
52.878367
52.956735
53.053061
53.180408
53.565714
54.066939
54.532245
54.976327
55.40898
55.861224
56.360816
56.803265
57.041633
