0.10449
9.305397
9.730612
10.289342
10.742857
11.229025
11.711565
12.186848
12.643991
13.130159
13.634467
14.080726
14.541497
14.998639
15.444898
15.909297
16.359184
16.794558
17.255329
17.701587
18.144218
18.623129
19.182585
19.29288
19.40898
19.501859
19.620862
19.742766
20.105578
20.239093
20.311655
20.424853
20.529342
20.694785
21.037279
21.130159
21.260771
21.405896
21.481361
21.59746
21.96898
22.093787
22.189569
22.325986
22.418866
22.523356
22.656871
22.770068
22.880363
22.999365
23.115465
23.240272
23.338957
23.440544
23.562449
23.669841
23.794649
23.910748
24.032653
24.163265
24.28517
24.380952
24.479637
24.592834
24.694422
24.810522
24.883084
24.923719
25.048526
25.173333
25.274921
25.420045
25.515828
25.63483
25.742222
25.869932
25.971519
26.093424
26.186304
26.296599
26.406893
26.514286
26.627483
26.743583
26.859683
26.97288
27.08898
27.202177
27.315374
27.428571
27.524354
27.637551
27.750748
28.238367
28.728889
29.193288
29.669297
30.130794
30.62712
31.094422
31.553016
32.029025
32.461497
32.914286
33.378685
33.816961
34.261043
34.693515
35.134694
35.639728
36.09542
36.536599
36.989388
37.462494
37.857234
38.356463
38.774422
38.893424
38.989206
39.096599
39.218503
39.340408
39.456508
39.555193
39.66839
39.781587
39.90059
40.010884
40.132789
40.245986
40.353379
40.466576
40.576871
40.701678
40.803265
40.91356
41.035465
41.12254
41.250249
41.351837
41.494059
41.586939
41.697234
41.816236
41.914921
42.033923
42.14712
42.266122
42.393832
42.843719
43.302313
43.784127
44.254331
45.990023
46.495057
46.968163
47.420952
47.911474
49.693605
50.184127
50.636916
51.086803
51.542494
52.018503
52.448073
52.900862
53.333333
53.797732
54.256327
54.712018
55.173515
55.629206
56.079093
56.572517
57.007891
