0.173061
0.659592
1.113469
1.573878
2.017959
2.497959
2.964898
3.444898
3.905306
4.346122
4.806531
5.273469
5.717551
6.204082
6.638367
7.075918
7.510204
8.009796
8.42449
8.881633
9.322449
18.127891
18.586848
19.040363
19.497506
19.969161
20.428118
20.912472
21.384127
21.843084
22.302041
22.755556
23.2
23.666213
24.101587
24.575057
25.046712
25.494785
25.946485
26.405442
27.323356
27.796825
28.40254
28.526984
28.63873
28.749206
28.848254
28.96127
29.391746
29.513651
29.620317
29.728254
29.845079
29.958095
30.328889
30.446984
30.547302
30.647619
30.751746
30.862222
30.965079
31.080635
31.19619
31.319365
31.417143
31.527619
31.657143
31.76254
31.878095
31.987302
32.123175
32.226032
32.326349
32.455873
32.568889
32.680635
32.772063
32.850794
33.010794
33.12381
33.236281
33.379592
33.502948
33.609977
33.719728
33.845805
33.95102
34.073469
34.173243
34.291156
34.399093
34.502494
34.602268
34.755556
34.866213
34.951474
35.054875
35.178231
35.315193
35.433107
35.50839
35.635374
35.738776
35.875737
35.970068
36.090703
36.201361
36.318367
36.412698
36.531519
36.624036
36.749206
36.84898
36.980499
37.100227
37.218141
37.326077
37.452154
37.55102
37.669841
37.761451
37.881179
37.992744
38.110658
38.210431
38.334694
38.440816
38.560544
38.656689
38.781859
38.914286
39.006803
39.116553
39.247166
39.363265
39.463946
39.569161
39.684354
39.797732
39.902948
40.000907
40.123356
40.238549
40.321995
40.378231
40.463492
40.581406
40.722902
40.836281
40.926984
40.981406
41.044898
41.14195
41.258957
41.362358
41.44127
41.496599
41.596372
41.706122
41.797732
41.900227
42.00907
42.119728
42.222222
42.35737
42.522449
42.609524
42.705669
42.805442
42.946032
43.063946
43.156463
43.271655
43.411338
43.547392
43.636281
43.726984
43.857596
43.972789
44.068027
44.231293
45.992744
46.144218
46.293878
46.367347
46.474376
46.621315
46.737415
46.827211
46.933333
47.081179
47.223583
47.295238
47.398639
47.522902
47.637188
47.722449
47.909297
49.65805
49.803175
49.93288
50.06712
50.610431
50.730159
50.89161
50.985941
51.502948
51.63356
51.757823
51.875737
52.414512
52.563265
52.706576
52.805442
53.342404
53.476644
53.600907
53.70068
53.802268
53.941043
54.052608
54.163265
54.285714
54.439002
54.517007
54.608617
54.697506
54.829025
54.94966
55.045805
55.162812
55.326077
55.424943
55.531973
55.625397
55.764172
55.880272
55.970975
56.087982
56.253968
56.356463
56.460771
56.581406
56.688435
56.822676
56.921542
57.048526
