9.30449
9.706122
9.841633
9.947755
10.070204
10.161633
10.26322
10.361905
10.470748
10.90322
11.028027
11.118005
11.207982
11.32263
11.46195
11.865397
11.971338
12.061315
12.190476
12.297868
12.41542
12.821769
12.93932
13.056871
13.161361
13.252789
13.380499
13.502404
13.621406
13.740408
13.850703
13.958095
14.062585
14.178685
14.27737
14.402177
14.519728
14.624218
14.740317
14.862222
14.966712
15.085714
15.177143
15.309206
15.425306
15.538503
15.641542
15.746032
15.854875
15.979683
16.085624
16.203175
16.322177
16.422313
16.536961
16.648707
16.776417
16.896871
17.005714
17.100045
17.229206
17.355465
17.464308
17.583311
17.700862
17.808254
17.914195
18.025941
18.127528
18.240726
18.333605
18.419229
18.580317
19.047619
19.507664
19.941587
20.452426
20.924082
21.37542
21.847075
22.310023
22.748299
23.21415
23.661134
24.121179
24.584127
25.039819
25.510023
25.951202
26.422857
27.33424
27.824762
28.328345
28.769524
29.257143
29.588027
29.717188
29.853605
29.958095
30.053878
30.177234
30.291882
30.409433
30.521179
30.645986
30.769342
30.881088
30.979773
31.079909
31.223583
31.345488
31.435465
31.54576
31.657506
31.766349
31.873741
31.995646
32.100136
32.223492
32.326531
32.464399
32.564535
32.699501
32.793832
32.899773
33.021678
33.12907
33.236463
33.354014
33.473016
33.590567
33.697959
33.814059
33.927256
34.050612
34.156553
34.285714
34.398912
34.517914
34.622404
34.728345
34.851701
34.959093
35.067937
35.16517
35.32771
35.416236
35.526531
35.620862
35.742766
35.845805
35.963356
36.079456
36.182494
36.310204
36.411791
36.530794
36.635283
36.749932
36.854422
36.967619
37.098231
37.204172
37.323175
37.437823
37.545215
37.665669
37.758549
37.883356
37.9922
38.112653
38.21424
38.336145
38.440635
38.556735
38.642358
38.770068
38.91229
39.015329
39.115465
39.235918
39.343311
39.399909
39.450703
39.572608
39.687256
39.790295
39.916553
40.032653
40.141497
40.257596
40.36644
40.478186
40.595737
40.710385
40.810522
40.917914
41.012245
41.139955
41.254603
41.35619
41.459229
41.586939
41.703039
41.79737
41.919274
42.000544
42.090522
42.20517
42.303855
42.804535
43.289252
43.769615
44.231111
44.387846
44.496689
44.588118
44.69551
44.827574
44.907392
44.98576
45.130884
45.248435
45.348571
45.447256
45.541587
45.651882
45.788299
45.875374
46.01034
46.460227
46.934785
47.413696
47.892608
48.042086
48.155283
48.24381
48.362812
48.509388
48.592109
48.705306
48.793832
48.911383
49.018776
49.143583
49.24517
49.335147
49.475918
49.574603
49.681995
50.142041
50.275556
50.368435
50.474376
50.58322
51.059229
51.17678
51.294331
51.400272
51.496054
51.629569
51.732608
51.82839
51.943039
52.085261
52.207166
52.318912
52.436463
52.545306
52.651247
52.752834
52.895057
53.018413
53.128707
53.240454
53.582948
53.999456
54.505941
54.952925
55.420227
55.890431
56.34322
56.806168
57.055782
