0.152381
0.406349
1.131973
1.327891
3.845805
4.078005
4.752834
4.970522
7.488435
7.706122
8.395465
8.642177
9.295238
9.527438
9.970068
10.398186
11.138322
11.356009
11.588209
11.805896
12.009070
12.226757
12.458957
12.662132
12.887075
13.112018
13.315193
13.547392
13.750567
13.968254
14.193197
14.389116
14.621315
14.839002
15.049433
15.281633
15.455782
15.695238
15.891156
16.101587
16.312018
16.529705
16.747392
16.972336
17.204535
17.407710
17.632653
17.828571
18.053515
18.242177
18.452608
18.684807
18.895238
19.105669
19.323356
19.548299
19.736961
19.940136
20.150567
20.404535
20.614966
20.832653
21.050340
21.246259
21.478458
21.986395
22.182313
22.450794
22.639456
23.698866
23.945578
24.199546
24.460771
25.491156
25.756735
26.331429
26.612245
27.278367
27.552653
28.192653
28.447347
28.669388
28.878367
29.498776
29.779592
30.027755
30.315102
30.902857
31.098776
31.242449
31.346939
31.438367
31.582041
31.771429
31.980408
32.215510
32.470204
33.116735
33.351837
33.600000
33.815510
34.031020
34.285714
34.919184
35.134694
38.145306
38.367347
39.046531
39.268571
39.921633
40.235102
40.816327
41.031837
41.730612
41.978776
42.240000
42.631837
