0.121905
0.386032
1.066667
1.340952
3.809524
4.093968
4.744127
4.987937
7.497143
7.730794
8.421587
8.645079
9.285079
9.579683
9.935238
10.422857
11.123810
11.367619
11.580952
11.794286
11.946667
12.220952
12.434286
12.627302
12.881270
13.104762
13.358730
13.582222
13.785397
14.008889
14.201905
14.419592
14.637279
14.811429
15.055238
15.248254
15.464490
15.699592
15.899864
16.117551
16.317823
16.544218
16.779320
16.997007
17.197279
17.414966
17.623946
17.859048
18.063673
18.242177
18.485986
18.686259
18.895238
19.095510
19.321905
19.539592
19.774694
19.966259
20.131701
20.375510
20.593197
20.813061
20.989388
21.296327
21.923265
22.177959
22.419592
22.608980
23.732245
23.960816
24.182857
24.404898
25.469388
25.717551
26.351020
26.625306
27.239184
27.520000
28.218776
28.453878
30.406531
30.674286
31.314286
31.568980
31.856327
32.019592
34.468571
34.762449
35.350204
35.604898
36.271020
36.473469
36.695510
36.956735
37.903673
38.824490
39.706122
40.587755
41.541224
42.592653
