0.162540
0.411429
0.665397
0.916825
1.099683
1.323175
1.572063
1.795556
2.008889
2.270476
2.501587
2.717460
2.918095
3.159365
3.405714
3.641905
3.855238
4.076190
4.312381
4.538413
4.749206
4.980317
5.231746
5.442540
5.666032
5.940317
6.181587
6.417778
6.613333
6.821587
7.040000
7.250794
7.499683
7.735873
7.977143
8.190476
8.370794
8.640000
8.876190
9.120000
9.328254
9.544127
9.749841
9.968254
10.128254
10.206984
10.285714
10.445714
10.671746
10.905397
11.146667
11.385397
11.611429
11.865397
12.048254
12.259048
12.464762
12.688254
12.888889
13.117460
13.302857
13.544127
13.732063
13.963175
14.199365
14.422857
14.643810
14.834286
15.050159
15.258413
15.489524
15.697778
15.911111
16.134603
16.337778
16.548571
16.774603
16.990476
17.206349
17.399365
17.612698
17.826032
18.041905
18.260317
18.481270
18.679365
18.887619
19.113651
19.299048
19.540317
19.743492
19.969524
20.177778
20.365714
20.538413
20.657778
20.733968
20.830476
21.064127
21.280000
21.500952
21.762540
22.438095
22.651429
22.854603
23.078095
23.293968
23.535238
24.160000
24.383492
24.586667
24.800000
25.013333
25.252063
25.749841
25.930159
26.181587
26.595556
26.813968
27.052698
27.502222
27.743492
27.974603
28.444444
29.051429
29.343492
29.572063
29.775238
30.008889
30.262857
32.749206
32.954921
33.079365
33.175873
33.330794
33.406984
33.589841
33.886984
34.067302
34.278095
34.506667
34.694603
34.923175
35.164444
35.387937
35.596190
35.840000
36.060952
36.774603
36.949841
37.198730
37.457778
37.655873
37.899683
38.618413
38.821587
39.273651
39.469206
39.718095
40.393651
40.617143
41.056508
41.287619
41.518730
42.257778
42.565079
44.431746
