0.161088
0.383129
1.114558
1.345306
1.994014
2.224762
2.459864
2.694966
2.903946
3.125986
3.382857
3.591837
3.831293
4.075102
4.754286
4.998095
5.685986
5.934150
6.121361
6.352109
6.600272
6.839728
7.048707
7.253333
7.505850
7.736599
8.398367
8.616054
9.303946
9.543401
9.983129
10.435918
11.136871
11.354558
11.585306
11.802993
12.020680
12.247075
12.469116
12.673741
12.895782
13.104762
13.335510
13.561905
13.766531
13.958095
14.184490
14.410884
14.632925
14.837551
15.055238
15.290340
15.486259
15.721361
15.921633
16.143673
16.352653
16.565986
16.774966
17.001361
17.210340
17.423673
17.619592
17.832925
18.054966
18.268299
18.468571
18.690612
18.890884
19.121633
19.339320
19.543946
19.757279
19.974966
20.197007
20.414694
20.628027
20.832653
21.063401
21.268027
21.485714
21.755646
22.452245
22.630748
22.865850
23.057415
23.288163
23.531973
24.180680
24.394014
24.620408
24.825034
25.038367
25.273469
25.734966
25.930884
26.161633
26.597007
26.823401
27.071565
27.576599
27.742041
27.951020
28.403810
29.540136
29.775238
30.040816
30.258503
30.898503
31.103129
31.246803
31.360000
31.468844
31.547211
31.804082
32.047891
32.714014
32.922993
33.062313
33.166803
33.262585
33.380136
33.610884
33.798095
34.050612
34.272653
34.507755
34.734150
34.943129
35.152109
35.378503
35.617959
36.292789
36.519184
36.732517
36.941497
37.189660
37.416054
38.147483
38.391293
39.013878
39.222857
39.949932
40.202449
40.829388
41.064490
41.739320
41.996190
42.253061
42.597007
