0.15093
0.412154
1.160998
1.416417
4.092517
4.336327
5.125805
5.346395
7.999274
8.254694
8.974512
9.247347
9.955556
10.19356
10.692789
11.186213
11.993107
12.236916
12.492336
12.747755
12.979955
13.212154
13.467574
13.699773
13.966803
14.199002
14.437007
14.680816
14.924626
15.16263
15.39483
15.638639
15.882449
16.137868
16.370068
16.613878
16.840272
17.084082
17.310476
17.548481
17.78068
18.00127
18.245079
18.477279
18.680454
18.947483
19.179683
19.429297
19.655692
19.882086
20.102676
20.334875
20.578685
20.828299
21.060499
21.310113
21.542313
21.774512
22.018322
22.238912
22.488526
22.726531
22.98195
23.243175
23.962993
24.241633
24.508662
24.769887
25.965714
26.226939
26.464943
26.708753
27.933605
28.200635
28.943673
29.181678
29.947937
30.203356
30.992834
31.254059
31.492063
31.782313
32.513741
32.769161
33.03619
33.29161
34.040454
34.255238
34.400363
34.545488
34.667392
34.771882
34.986667
35.230476
35.509116
35.787755
36.559819
36.786213
37.053243
37.291247
37.552472
37.819501
38.52771
38.858594
41.970068
42.300952
43.090431
43.31102
44.030839
44.326893
45.075737
45.313741
46.085805
46.318005
46.573424
46.869478
