0.087075
0.365714
1.158095
1.436735
4.075102
4.345034
5.093878
5.372517
7.967347
8.237279
8.986122
9.264762
9.970068
10.231293
10.692789
11.223946
11.972789
12.199184
12.460408
12.69551
12.90449
13.200544
13.435646
13.670748
13.949388
14.167075
14.454422
14.689524
14.889796
15.133605
15.412245
15.647347
15.830204
16.082721
16.335238
16.60517
16.796735
17.057959
17.319184
17.519456
17.789388
18.007075
18.268299
18.451156
18.694966
18.921361
19.182585
19.426395
19.652789
19.896599
20.114286
20.358095
20.610612
20.837007
21.063401
21.289796
21.542313
21.777415
21.995102
22.238912
22.482721
22.700408
22.961633
23.240272
23.989116
24.232925
24.485442
24.703129
25.948299
26.200816
26.505578
26.74068
27.942313
28.177415
28.943673
29.239728
29.945034
30.214966
30.972517
31.233741
33.471565
33.767619
34.472925
34.760272
35.065034
35.300136
38.025578
38.347755
39.026939
39.331701
40.037007
40.263401
40.507211
40.82068
41.822041
42.823401
43.850884
44.817415
45.810068
46.863673
