0.124082
0.411429
0.724898
0.992653
1.208163
1.443265
1.730612
1.972245
2.213878
2.475102
2.690612
2.912653
3.160816
3.395918
3.62449
3.872653
4.101224
4.342857
4.617143
4.871837
5.067755
5.348571
5.64898
5.857959
6.119184
6.360816
6.595918
6.798367
7.066122
7.262041
7.529796
7.79102
8.058776
8.287347
8.568163
8.796735
9.012245
9.253878
9.49551
9.737143
9.952653
10.213878
10.45551
10.690612
10.808163
10.938776
11.056327
11.213061
11.467755
11.73551
11.996735
12.225306
12.453878
12.734694
12.982857
13.23102
13.466122
13.694694
13.929796
14.18449
14.419592
14.654694
14.915918
15.14449
15.405714
15.640816
15.88898
16.130612
16.346122
16.581224
16.85551
17.097143
17.28
17.541224
17.763265
18.011429
18.272653
18.501224
18.697143
18.938776
19.206531
19.428571
19.670204
19.924898
20.16
20.36898
20.617143
20.839184
21.087347
21.309388
21.54449
21.792653
22.014694
22.262857
22.373878
22.491429
22.61551
22.746122
22.961633
23.209796
23.484082
23.758367
24.489796
24.74449
24.986122
25.214694
25.482449
25.756735
26.475102
26.677551
26.958367
27.2
27.461224
27.72898
28.251429
28.493061
28.721633
29.204898
29.479184
29.740408
30.262857
30.517551
30.778776
31.288163
31.986939
32.306939
32.568163
32.777143
33.012245
33.299592
36.042449
36.297143
36.408163
36.532245
36.662857
36.786939
37.087347
37.315918
37.557551
37.805714
38.08
38.328163
38.524082
38.811429
39.098776
39.301224
39.56898
39.830204
40.548571
40.809796
41.103673
41.312653
41.547755
41.848163
42.566531
42.808163
43.350204
43.604898
43.859592
44.564898
44.871837
45.368163
45.616327
45.851429
46.635102
46.902857
48.75102
