0.152381
0.391837
1.168254
1.429478
2.162358
2.423583
2.626757
2.895238
3.127438
3.388662
3.628118
3.867574
4.085261
4.37551
5.093878
5.347846
6.095238
6.356463
6.595918
6.84263
7.038549
7.285261
7.51746
7.785941
8.032653
8.264853
8.98322
9.244444
9.948299
10.202268
10.710204
11.225397
11.980045
12.212245
12.480726
12.720181
12.981406
13.213605
13.460317
13.678005
13.931973
14.164172
14.432653
14.621315
14.904308
15.143764
15.375964
15.61542
15.862132
16.087075
16.348299
16.595011
16.834467
17.066667
17.298866
17.531066
17.756009
17.988209
18.234921
18.481633
18.684807
18.924263
19.170975
19.417687
19.620862
19.87483
20.150567
20.346485
20.578685
20.810884
21.043084
21.289796
21.536508
21.761451
22.01542
22.247619
22.494331
22.741043
22.987755
23.256236
23.481179
23.756916
24.48254
24.736508
24.975964
25.21542
25.469388
25.737868
26.463492
26.71746
26.956916
27.203628
27.435828
27.711565
28.197732
28.451701
28.698413
29.235374
29.467574
29.728798
30.251247
30.483447
30.780952
31.245351
32.486168
32.761905
33.044898
33.269841
34.002721
34.220408
34.365533
34.503401
34.619501
34.728345
34.989569
35.250794
36.04898
36.273923
36.419048
36.535147
36.651247
36.774603
37.086621
37.289796
37.507483
37.775964
38.022676
38.276644
38.530612
38.78458
39.031293
39.285261
40.039909
40.301134
40.533333
40.80907
40.98322
41.266213
42.078912
42.354649
43.058503
43.319728
44.074376
44.35737
45.097506
45.365986
46.09161
46.345578
46.599546
46.88254
