0.137143
0.391111
1.102222
1.310476
3.824762
4.053333
4.744127
4.972698
7.517460
7.730794
8.380952
8.594286
9.264762
9.467937
9.930159
10.397460
11.098413
11.362540
11.596190
11.784127
12.017778
12.231111
12.439365
12.657778
12.871111
13.104762
13.323175
13.495873
13.754921
13.937778
14.151111
14.364444
14.582857
14.826667
15.029841
15.263492
15.446349
15.664762
15.888254
16.086349
16.299683
16.543492
16.751746
16.965079
17.188571
17.406984
17.620317
17.833651
18.041905
18.260317
18.473651
18.697143
18.915556
19.113651
19.332063
19.550476
19.707937
19.951746
20.154921
20.393651
20.622222
20.855873
21.053968
21.257143
21.968254
22.191746
22.384762
22.669206
23.690159
23.928889
24.132063
24.457143
25.493333
25.696508
26.336508
26.626032
27.235556
27.494603
28.129524
28.403810
28.617143
28.855873
29.521270
29.754921
30.024127
30.201905
30.852063
31.103855
31.205442
31.328798
31.435828
31.566440
31.849433
31.990930
32.204989
32.422676
33.097506
33.349660
33.578231
33.785034
34.000907
34.282086
34.907937
35.160091
38.031746
38.256689
38.940590
39.149206
39.800454
40.021769
40.676644
40.916100
41.638095
41.870295
42.146032
42.452608
