0.168163
0.416327
1.093878
1.335510
3.828571
4.053878
4.742857
4.982857
7.475918
7.732245
8.408163
8.662857
9.268571
9.526531
9.951020
10.386939
11.088980
11.258776
11.564082
11.792653
12.003265
12.226939
12.440816
12.625306
12.883265
13.077551
13.325714
13.484082
13.738776
13.962449
14.153469
14.413061
14.813061
15.035102
15.245714
15.479184
15.706122
15.921633
16.133878
16.341224
16.543673
16.762449
16.966531
17.180408
17.407347
17.611429
17.835102
18.073469
18.271020
18.491429
18.713469
18.901224
19.152653
19.350204
19.564082
19.781224
19.975510
20.145306
20.424490
20.612245
20.814694
21.074286
21.332245
21.941224
22.138776
22.395102
22.620408
23.711020
23.933061
24.181224
24.380408
25.456327
25.831837
26.360816
26.643265
27.262041
27.524898
28.151837
28.324898
30.373878
30.644898
31.348571
31.596735
31.924898
34.452245
34.674286
35.345306
35.621224
36.254694
36.494694
36.703673
36.932245
37.800816
38.713469
39.604898
40.468571
41.394286
42.437551
