0.171429
0.406531
0.648163
0.889796
1.082449
1.327347
1.568980
1.782857
2.021224
2.204082
2.437551
2.688980
2.915918
3.159184
3.392653
3.591837
3.818776
4.057143
4.315102
4.514286
4.731429
4.933878
5.200000
5.451429
5.670204
5.913469
6.127347
6.337959
6.581224
6.811429
7.056327
7.248980
7.506939
7.699592
8.000000
8.174694
8.351020
8.594286
8.860408
9.100408
9.294694
9.508571
9.719184
9.934694
10.065306
10.208980
10.272653
10.406531
10.662857
10.906122
11.128163
11.346939
11.586939
11.804082
12.016327
12.262857
12.448980
12.667755
12.880000
13.100408
13.322449
13.559184
13.760000
13.998367
14.208980
14.391837
14.605714
14.821224
15.013878
15.221224
15.462857
15.678367
15.906939
16.097959
16.302041
16.538776
16.782041
16.992653
17.191837
17.408980
17.590204
17.797551
18.055510
18.251429
18.457143
18.690612
18.886531
19.105306
19.317551
19.533061
19.751837
19.957551
20.191020
20.391837
20.545306
20.672653
20.754286
20.847347
21.082449
21.314286
21.511837
21.763265
22.440816
22.628571
22.847347
23.116735
23.278367
23.518367
24.169796
24.395102
24.615510
24.806531
25.010612
25.263673
25.737143
25.965714
26.146939
26.569796
26.800000
27.048163
27.505306
27.681633
27.921633
28.380408
29.069388
29.319184
29.562449
29.755102
29.975510
30.217143
32.693878
32.924082
33.054694
33.180408
33.257143
33.337143
33.536327
33.769796
34.008163
34.204082
34.481633
34.680816
34.891429
35.124898
35.395918
35.557551
35.777959
36.026122
36.635102
36.922449
37.168980
37.356735
37.531429
37.795918
38.470204
38.690612
39.155918
39.346939
39.583673
40.259592
40.496327
40.955102
41.180408
41.400816
42.213878
42.468571
44.305306
