0.193016
0.396190
1.076825
1.290159
2.011429
2.255238
2.488889
2.742857
2.951837
3.173878
3.386122
3.591837
3.800816
4.035918
4.741224
4.973061
5.658776
5.920000
6.125714
6.370612
6.605714
6.834286
7.013878
7.258776
7.493878
7.722449
8.368980
8.607347
9.250612
9.508571
9.942857
10.390204
11.151020
11.360000
11.585306
11.820408
12.035918
12.238367
12.457143
12.698776
12.911020
13.120000
13.325714
13.554286
13.763265
13.982041
14.207347
14.429388
14.615510
14.817959
15.046531
15.258776
15.457959
15.676735
15.866122
16.114286
16.300408
16.519184
16.734694
16.946939
17.195102
17.400816
17.622857
17.844898
18.066939
18.279184
18.497959
18.700408
18.902857
19.131429
19.333878
19.552653
19.742041
19.970612
20.208980
20.414694
20.636735
20.855510
21.061224
21.286531
21.505306
21.743673
22.439184
22.651429
22.873469
23.059592
23.265306
23.490612
24.137143
24.378776
24.597551
24.809796
25.025306
25.273469
25.730612
25.948299
26.150748
26.583946
26.777687
27.032381
27.515646
27.687619
27.907483
28.355918
29.520544
29.751293
29.975510
30.188844
30.848435
31.114014
31.238095
31.318639
31.451429
31.538503
31.799728
32.004354
32.663946
32.916463
33.016599
33.105850
33.227937
33.329524
33.554286
33.775238
34.008889
34.232381
34.425397
34.652698
34.907937
35.116190
35.335873
35.561905
36.271746
36.490159
36.693333
36.924444
37.095873
37.363810
38.026667
38.266667
38.887619
39.128889
39.813333
40.068571
40.693333
40.925714
41.629206
41.890794
42.142222
42.514286
