2.341587
2.746122
2.873469
3.14449
3.418776
4.166531
4.280816
4.395102
4.502857
4.666122
4.773878
4.920816
5.240816
5.701224
5.949388
6.217143
6.733061
7.000816
7.24898
7.493878
7.72898
7.977143
8.551837
8.973061
9.087347
9.39102
9.622857
10.377143
10.501224
10.625306
10.752653
10.873469
11.000816
11.124898
11.395918
11.497143
11.608163
11.72898
11.882449
11.973878
12.097959
12.362449
12.470204
12.574694
12.705306
12.832653
12.930612
13.057959
13.178776
13.299592
13.81551
14.122449
14.249796
14.357551
14.866939
15.147755
15.405714
15.640816
15.902041
16.150204
18.690612
19.128163
19.258776
19.510204
19.781224
20.551837
20.666122
20.767347
20.920816
21.022041
21.146122
21.273469
21.528163
22.027755
22.275918
22.527347
23.056327
23.31102
23.57551
23.804082
24.04898
24.306939
24.819592
25.217959
25.351837
25.606531
25.851429
26.589388
26.713469
26.827755
26.98449
27.082449
27.180408
27.30449
27.585306
27.683265
27.774694
27.924898
28.075102
28.182857
28.284082
28.53551
28.653061
28.75102
28.865306
29.012245
29.103673
29.227755
29.374694
29.531429
30.004898
30.253061
30.435918
30.533878
30.994286
31.271837
31.516735
31.764898
32.013061
32.300408
33.893878
34.279184
34.403265
34.661224
34.93551
35.696327
35.843265
35.941224
36.071837
36.218776
36.329796
36.48
37.005714
37.23102
37.505306
38.034286
39.330612
39.621224
40.669388
41.165714
41.577143
41.694694
41.985306
42.220408
42.98449
43.131429
43.252245
43.369796
43.510204
43.621224
43.764898
43.983673
44.231837
44.493061
44.728163
45.482449
45.737143
46.037551
46.517551
46.808163
47.092245
47.533061
47.830204
48.11102
48.336327
48.613878
48.865306
