0.182857
0.638549
0.754649
1.050703
1.329342
2.092698
2.211701
2.342313
2.458413
2.589025
2.71093
2.844444
3.558458
3.671655
3.787755
3.883537
4.429206
4.896508
5.413152
5.947211
6.475465
6.995011
7.256236
7.488435
7.755465
8.016689
9.598549
9.99619
10.109388
10.382222
10.655057
11.366168
11.49678
11.627392
11.76381
11.871202
11.964082
12.068571
12.364626
12.466213
12.573605
12.69551
12.820317
12.924807
13.046712
13.560454
14.094512
14.361542
14.585034
14.837551
15.098776
16.62839
17.060862
17.185669
17.481723
17.754558
18.494694
18.628209
18.735601
18.872018
18.988118
19.078095
19.229025
19.855964
19.972063
20.076553
20.279728
20.758639
21.266576
21.786122
22.282449
22.825215
23.307029
23.568254
23.800454
24.041361
24.29678
25.806077
26.189206
26.308209
26.601361
26.85678
27.538866
27.669478
27.785578
27.9278
28.035193
28.16
28.267392
28.569252
28.673741
28.775329
28.911746
29.016236
29.097506
29.24263
29.767982
30.258503
30.519728
30.757732
31.016054
31.265669
32.801088
33.192925
33.352562
33.625397
33.901134
34.693515
34.827029
34.937324
35.067937
35.172426
35.259501
35.424943
35.941587
36.176689
36.429206
36.998095
38.269388
38.57415
39.093696
39.859955
40.028299
40.156009
40.280816
40.402721
40.533333
40.678458
40.79746
40.933878
41.055782
41.18059
41.293787
41.444717
41.537596
41.737868
42.24
42.614422
42.727619
43.023673
43.281995
43.972789
44.103401
44.228209
44.373333
44.486531
44.570703
44.70712
45.000272
45.235374
45.487891
45.795556
46.27737
47.296145
47.830204
