0.289524
0.825034
0.979592
1.084082
1.216871
1.330068
1.475918
1.902585
2.041905
2.152925
2.270476
2.394558
2.540408
2.910476
3.06068
3.158639
3.300136
3.398095
3.533061
3.641905
3.768163
3.879184
4.018503
4.142585
4.253605
4.366803
4.517007
4.651973
4.754286
4.87619
4.998095
5.12
5.233197
5.36381
5.483537
5.605442
5.722993
5.825306
5.964626
6.090884
6.234558
6.371701
6.491429
6.613333
6.757007
6.874558
6.998639
7.096599
7.231565
7.346939
7.47102
7.601633
7.723537
7.838912
7.96517
8.089252
8.217687
8.343946
8.472381
8.589932
8.714014
8.84898
8.966531
9.084082
9.225578
9.343129
9.469388
9.584762
9.70449
9.811156
9.935238
10.050612
10.189932
10.725442
11.271837
11.759456
12.281905
12.797823
13.37034
13.873197
14.376054
14.868027
15.383946
15.893333
16.415782
16.899048
17.358367
17.869932
18.370612
18.871293
19.343673
19.811701
20.318912
28.810884
29.339864
29.860136
30.33034
30.863673
31.366531
31.908571
32.407075
32.520272
32.653061
32.770612
32.894694
33.023129
33.149388
33.251701
33.386667
33.510748
33.643537
33.77415
33.904762
34.009252
34.13551
34.242177
34.381497
34.496871
34.620952
34.745034
34.860408
34.982313
35.104218
35.223946
35.343673
35.463401
35.591837
35.715918
35.844354
35.959728
36.081633
36.201361
36.327619
36.458231
36.575782
36.706395
36.832653
36.950204
37.072109
37.191837
37.326803
37.457415
37.566259
37.68381
37.807891
37.927619
38.051701
38.160544
38.29551
38.430476
38.554558
38.669932
38.798367
38.924626
39.044354
39.153197
39.268571
39.386122
39.521088
39.642993
39.769252
39.893333
40.026122
40.167619
40.278639
40.391837
40.513741
40.631293
40.770612
40.888163
41.001361
41.114558
41.234286
41.364898
41.6
41.734966
41.84381
41.970068
42.089796
42.207347
42.708027
43.219592
43.705034
44.173061
44.684626
44.8
44.90449
45.024218
45.146122
45.274558
45.398639
45.50966
45.635918
45.762177
45.888435
45.997279
46.117007
46.619864
47.174966
47.629932
48.178503
48.315646
48.457143
48.579048
48.690068
48.805442
48.940408
49.055782
49.179864
49.301769
49.432381
49.545578
49.667483
49.787211
49.896054
50.009252
50.16381
50.666667
51.156463
51.654966
52.179592
52.327619
52.466939
52.575782
52.684626
52.808707
52.93932
53.063401
53.183129
53.311565
53.468299
53.574966
53.670748
53.803537
53.916735
54.023401
54.14966
54.669932
54.787483
54.944218
55.061769
55.170612
55.686531
55.767075
55.904218
56.021769
56.14585
56.269932
56.400544
56.507211
56.661769
56.803265
56.916463
57.02966
57.149388
57.275646
57.395374
57.49551
57.610884
57.734966
57.863401
57.983129
58.394558
58.903946
59.424218
59.911837
60.427755
60.93932
61.470476
61.964626
62.243265
