0.169796
10.187755
10.614422
11.267483
11.742041
12.281905
12.8
13.291973
13.879728
14.445714
14.898503
15.390476
15.899864
16.426667
16.796735
17.358367
17.872109
18.324898
18.860408
19.321905
19.818231
20.331973
20.985034
21.141769
21.237551
21.376871
21.481361
21.588753
21.989297
22.114104
22.209887
22.334694
22.476916
22.633651
22.973243
23.069025
23.161905
23.307029
23.437642
23.562449
23.983311
24.116825
24.241633
24.360635
24.468027
24.584127
24.729252
24.851156
24.975964
25.109478
25.228481
25.347483
25.478095
25.57678
25.724807
25.840907
25.951202
26.093424
26.215329
26.328526
26.459138
26.572336
26.685533
26.79873
26.932245
27.062857
27.176054
27.300862
27.443084
27.559184
27.701406
27.805896
27.953923
28.070023
28.189025
28.32254
28.456054
28.577959
28.702766
28.810159
28.932063
29.065578
29.187483
29.3239
29.448707
29.56771
29.678005
29.811519
29.913107
30.032109
30.171429
30.290431
30.394921
30.830295
31.367256
31.869388
32.394739
32.940408
33.413515
33.869206
34.359728
34.850249
35.355283
35.834195
36.385669
36.832653
37.308662
37.819501
38.286803
38.786032
39.273651
39.77288
40.263401
40.724898
41.232834
41.717551
42.202268
42.34449
42.466395
42.594104
42.727619
42.826304
42.962721
43.093333
43.200726
43.325533
43.447438
43.569342
43.679637
43.807347
43.929252
44.048254
44.173061
44.286259
44.411066
44.521361
44.666485
44.77678
44.901587
45.023492
45.139592
45.299229
45.406621
45.519819
45.618503
45.749116
45.868118
46.001633
46.097415
46.611156
47.101678
47.621224
48.163991
50.14059
50.654331
51.150658
51.667302
52.23619
54.151837
54.700408
55.17932
55.664036
56.174875
56.682812
57.144308
57.649342
58.151474
58.633288
59.138322
59.657868
60.11356
60.647619
61.19619
61.698322
62.212063
