0.193016
0.72381
1.252063
1.742222
2.257778
2.753016
3.266032
3.75619
4.284444
4.774603
5.28
5.795556
6.270476
6.765714
7.250794
7.751111
8.253968
8.739048
9.216508
9.706667
10.194286
19.794286
20.309841
20.80254
21.346032
21.846349
22.308571
22.834286
23.349841
23.847619
24.340317
24.885261
25.346032
25.84127
26.331066
26.835374
27.317914
27.843991
28.324717
28.870748
29.85034
30.336508
30.964172
31.116553
31.230839
31.37415
31.497506
31.62449
31.980045
32.137868
32.264853
32.388209
32.518821
32.653061
33.015873
33.159184
33.269841
33.393197
33.518367
33.634467
33.739683
33.863039
34.028118
34.135147
34.247619
34.376417
34.507029
34.630385
34.735601
34.873469
34.993197
35.105669
35.229025
35.359637
35.45941
35.591837
35.69161
35.809524
35.952834
36.07619
36.190476
36.319274
36.440816
36.565986
36.680272
36.803628
36.936054
37.082993
37.188209
37.326077
37.453061
37.570975
37.674376
37.806803
37.935601
38.049887
38.171429
38.296599
38.429025
38.556735
38.664127
38.793288
38.916644
39.055964
39.160454
39.288163
39.404263
39.530522
39.639365
39.765624
39.881723
40.013787
40.125533
40.254694
40.382404
40.514467
40.626213
40.742313
40.859864
40.977415
41.090612
41.213968
41.348934
41.492608
41.595646
41.713197
41.830748
41.959909
42.081814
42.219683
42.351746
42.457687
42.570884
42.72907
42.839365
42.96127
43.086077
43.212336
43.347302
43.469206
43.575147
43.695601
43.813152
43.940862
44.058413
44.187574
44.303673
44.416871
44.538776
44.657778
44.781134
44.908844
45.019138
45.145397
45.271655
45.415329
45.518367
45.651882
45.757823
45.895692
45.988571
46.135147
46.291882
46.407982
46.521179
46.618413
46.753379
46.910113
47.007347
47.142313
47.271474
47.419501
47.542857
47.627029
47.785215
47.93034
48.017415
48.168345
50.11737
50.285714
50.436644
50.522268
50.655782
50.782041
50.937324
51.053424
51.139048
51.300136
51.465578
51.551202
51.673107
51.803719
51.931429
52.031565
52.195556
54.173605
54.321633
54.476916
54.590113
55.131429
55.317188
55.462313
55.57551
56.124082
56.264853
56.408526
56.524626
57.135601
57.296689
57.42585
57.556463
58.122449
58.27483
58.398186
58.534603
58.649252
58.795828
58.923537
59.032381
59.173152
59.341497
59.43873
59.55483
59.643356
59.795737
59.921995
60.027937
60.155646
60.303673
60.438639
60.559093
60.653424
60.808707
60.961088
61.053968
61.191837
61.30068
61.471927
61.601088
61.725896
61.840544
61.966803
62.072744
62.197551
