10.234921
10.913379
11.042177
11.147392
11.270748
11.39229
11.528345
11.945578
12.083447
12.199546
12.312018
12.435374
12.564172
12.985034
13.131973
13.231746
13.347846
13.478458
13.601814
14.035374
14.153288
14.280272
14.398186
14.523356
14.646712
14.748299
14.819048
14.895238
15.013152
15.14195
15.268934
15.39229
15.515646
15.637188
15.75873
15.891156
16.007256
16.123356
16.24381
16.365714
16.494875
16.615329
16.731429
16.86059
16.989751
17.111655
17.237914
17.339501
17.481723
17.600726
17.725533
17.840181
17.962086
18.081088
18.213152
18.355374
18.493243
18.612245
18.719637
18.838639
18.9678
19.091156
19.207256
19.330612
19.440907
19.575873
19.697778
19.808073
19.938685
20.024308
20.154921
20.29424
20.815238
21.308662
21.839819
22.343401
22.838277
23.317188
23.875918
24.369342
24.851156
25.324263
25.826395
26.308209
26.811791
27.324082
27.836372
28.329796
28.837732
29.828934
30.319456
30.876735
31.368707
31.892608
32.378776
32.525351
32.653061
32.769161
32.889615
33.001361
33.126168
33.249524
33.385941
33.513651
33.632653
33.754558
33.880816
33.996916
34.113016
34.226213
34.35102
34.472925
34.602086
34.721088
34.853152
34.973605
35.098413
35.220317
35.349478
35.468481
35.593288
35.719546
35.847256
35.982222
36.099773
36.214422
36.345034
36.469841
36.593197
36.709297
36.832653
36.953107
37.082268
37.194014
37.314467
37.430567
37.564082
37.683084
37.803537
37.926893
38.047347
38.160544
38.27229
38.42322
38.536417
38.638005
38.765714
38.874558
39.009524
39.127075
39.267846
39.369433
39.504399
39.617596
39.751111
39.873016
40.000726
40.126984
40.243084
40.36644
40.499955
40.602993
40.737959
40.852608
40.98322
41.11093
41.235737
41.346032
41.49551
41.615964
41.734966
41.858322
41.983129
42.090522
42.212426
42.341587
42.467846
42.588299
42.711655
42.816145
42.965624
43.073016
43.177506
43.312472
43.440181
43.549025
43.695601
43.797188
43.930703
44.040998
44.170159
44.296417
44.424127
44.548934
44.667937
44.782585
44.919002
45.029297
45.149751
45.271655
45.403719
45.50966
45.634467
45.866667
45.956644
46.101769
46.621315
47.107483
47.629932
48.156735
48.335238
48.460045
48.57034
48.689342
48.811247
48.938957
49.050703
49.1639
49.297415
49.423673
49.53542
49.651519
49.747302
49.906939
50.017234
50.127528
50.288617
50.645624
51.144853
51.670204
52.210068
52.356644
52.471293
52.585941
52.703492
52.855873
52.958912
53.075011
53.182404
53.334785
53.432018
53.549569
53.664218
53.809342
53.897868
54.025578
54.140227
54.678639
54.816508
54.922449
55.04
55.170612
55.659683
55.797551
55.913651
56.025397
56.160363
56.290975
56.41288
56.523175
56.655238
56.778594
56.910658
57.028209
57.137052
57.263311
57.388118
57.510023
57.64644
57.782857
57.888798
58.01941
58.39093
58.895964
59.400998
59.895873
60.434286
60.930612
61.40517
61.923265
62.199002
