0.180680
0.624762
2.061497
2.479456
7.046531
7.368707
8.315646
8.650884
11.914014
12.220952
13.135238
13.481361
14.304218
14.561088
15.181497
15.760544
16.637823
16.888163
17.192925
17.465034
17.754558
18.028844
18.292245
18.573061
18.792925
19.049796
19.287075
19.513469
19.779048
20.003265
20.214422
20.469116
20.699864
20.917551
21.120000
21.311565
21.537959
21.751293
21.955918
22.130068
22.352109
22.532789
22.754830
22.939864
23.142313
23.346939
23.549388
23.738776
23.954286
24.128435
24.337415
24.502857
24.670476
24.881633
25.079728
25.229932
25.432381
25.610884
25.795918
25.946122
26.168163
26.348844
26.540408
26.705850
27.184762
27.452517
27.687619
27.872653
28.771701
28.969796
29.183129
29.372517
30.299864
30.504490
31.083537
31.240272
31.869388
32.071837
32.720544
32.916463
33.155918
33.382313
34.083265
34.294422
34.555646
34.784218
35.426395
35.670204
35.798639
35.900227
36.008163
36.180499
36.446259
36.658503
36.897959
37.166440
37.941043
38.173243
38.485261
38.693878
38.969615
39.310658
39.961905
40.241270
43.912925
44.215873
45.044898
45.344218
46.243991
46.541497
47.406803
47.735147
48.696599
49.059410
49.400454
49.904762
