0.179955
0.696599
2.009252
2.446803
7.048707
7.360000
8.337415
8.631293
11.944490
12.234014
13.167891
13.466122
14.310748
14.613333
15.164082
15.775782
16.635646
17.020952
17.247347
17.506395
17.765442
18.020136
18.263946
18.527347
18.777687
19.006259
19.284898
19.522177
19.737687
19.981497
20.236190
20.497415
20.695510
20.908844
21.137415
21.348571
21.529252
21.777415
21.962449
22.171429
22.371701
22.563265
22.780952
23.135782
23.331701
23.549388
23.721361
23.959365
24.318730
24.525714
24.729796
24.924082
25.072653
25.266939
25.457959
25.629388
25.840000
25.980408
26.137143
26.377143
26.527347
26.752653
27.320816
27.520000
27.712653
27.882449
28.795102
28.971429
29.191837
29.358367
30.288980
30.615510
31.059592
31.309388
31.861224
32.071837
32.705306
32.920816
34.961633
35.201633
35.955918
36.202449
36.466939
36.680816
39.467755
39.735510
40.499592
40.793469
41.585306
41.843265
42.125714
42.406531
43.492245
44.751020
45.902041
47.102041
48.341224
49.908571
