0.170794
0.631837
1.136327
1.568980
2.000816
2.446531
2.884898
3.376327
3.745306
4.182041
4.699592
5.075918
5.502857
5.934694
6.306122
6.652245
7.032653
7.377959
7.702857
8.023673
8.330612
8.598367
8.971429
9.266122
9.560000
9.877551
10.173061
10.436735
10.778776
11.045714
11.364082
11.655510
11.972245
12.262041
12.629388
12.889796
13.154286
13.458776
13.759184
14.043265
14.308571
14.593469
14.884082
15.165714
15.351837
15.514286
15.600816
15.750204
16.073469
16.345306
16.650612
16.942041
17.240000
17.499592
17.754286
18.008163
18.300408
18.549388
18.794286
19.031020
19.281633
19.493878
19.748571
19.973878
20.208980
20.458776
20.672653
20.886531
21.097959
21.315102
21.549388
21.745306
21.958367
22.166531
22.376327
22.584490
22.776327
22.960000
23.155102
23.366531
23.567347
23.773878
23.954286
24.143673
24.346939
24.520000
24.706122
24.911837
25.093061
25.274286
25.460408
25.632653
25.806531
25.990204
26.091247
26.192834
26.270476
26.337959
26.541224
26.730612
26.902041
27.101224
27.671020
27.846531
28.035918
28.241633
28.404082
28.600816
29.180408
29.351020
29.548571
29.742857
29.897143
30.111020
30.503673
30.702857
30.888980
31.314286
31.510204
31.697959
32.144490
32.311837
32.547755
32.898776
33.606531
33.839184
34.088980
34.301224
34.529796
34.753469
37.436735
37.680000
37.801633
37.945306
38.029388
38.168980
38.441633
38.706122
38.963265
39.217143
39.482449
39.720000
39.987755
40.259592
40.533061
40.781224
41.039184
41.333878
42.096327
42.388571
42.673469
42.941224
43.247347
43.617143
44.457959
44.746939
45.337143
45.613061
45.951020
46.817143
47.141224
47.738776
48.039184
48.392653
49.484898
49.978776
52.324082
