0.190113
0.648707
2.001270
2.483084
3.786304
4.230385
4.657052
5.093878
5.529252
5.939955
6.312925
6.707664
7.032744
7.369433
8.309841
8.626213
9.556463
9.861224
10.164535
10.478005
10.794376
11.049796
11.351655
11.644807
11.942313
12.236916
13.181678
13.464671
14.291882
14.608254
15.169887
15.780862
16.644354
16.946213
17.220499
17.493333
17.766168
18.027392
18.308934
18.554195
18.829932
19.059229
19.314649
19.533787
19.787755
19.993832
20.220227
20.449524
20.697687
20.915374
21.127256
21.331882
21.543764
21.757098
21.961723
22.173605
22.347755
22.578503
22.787483
22.984853
23.195283
23.379592
23.568254
23.785941
23.965896
24.157460
24.360635
24.555102
24.729252
24.901950
25.087710
25.269116
25.443265
25.629025
25.811882
26.000544
26.203719
26.364807
26.569433
26.739229
26.930794
27.090431
27.621587
27.842177
28.042449
28.223855
28.400907
28.612789
29.178776
29.345669
29.550295
29.712834
29.911655
30.119184
30.535692
30.738866
30.917370
31.113288
31.297596
31.679274
31.952109
32.091429
32.278639
32.493424
32.911383
34.075283
34.301678
34.564354
34.789297
35.452517
35.703583
35.844354
35.971701
36.096871
36.174150
36.417959
36.688980
37.447619
37.700136
37.863401
37.968980
38.121361
38.242177
38.490340
38.715646
38.961633
39.221769
39.514558
39.739864
40.014150
40.234014
40.499592
40.781497
41.625034
41.857959
42.120272
42.392381
42.679728
42.970340
43.800816
44.131701
45.023129
45.352925
46.234558
46.525170
47.406803
47.715918
48.693333
49.010068
49.419320
49.953741
