0.223492
0.566349
1.605079
1.968254
5.572063
5.894603
6.760635
7.014603
9.963175
10.24
11.032381
11.273651
12.043175
12.269206
12.777143
13.241905
14.062222
14.295873
14.534603
14.747937
14.979048
15.215238
15.446349
15.646984
15.870476
16.071111
16.297143
16.474921
16.695873
16.87873
17.071746
17.262222
17.457778
17.658413
17.859048
18.026667
18.217143
18.384762
18.570159
18.735238
18.928254
19.098413
19.258413
19.433651
19.616508
19.806984
19.969524
20.129524
20.312381
20.462222
20.647619
20.815238
20.998095
21.158095
21.335873
21.473016
21.655873
21.831111
21.991111
22.148571
22.31873
22.458413
22.671746
22.824127
23.349841
23.525079
23.720635
23.893333
25.048889
25.300317
25.551746
25.800635
27.03746
27.288889
28.086349
28.327619
29.142857
29.394286
30.209524
30.443175
30.735238
31.032381
31.76127
32.027937
32.284444
32.551111
33.351111
33.610159
33.780317
33.935238
34.052063
34.199365
34.443175
34.704762
35.04254
35.319365
36.152381
36.436825
36.756825
37.018413
37.335873
37.572063
38.463492
38.816508
43.486984
43.911111
45.015873
45.465397
46.542222
46.948571
48.200635
48.678095
50.140952
50.64381
51.36
52.383492
