0.226395
0.60517
1.606531
1.98966
5.577143
5.851429
6.735238
7.022585
9.978776
10.244354
11.01932
11.302313
12.042449
12.303673
12.782585
13.261497
14.027755
14.271565
14.497959
14.746122
14.981224
15.225034
15.447075
15.677823
15.873741
16.082721
16.287347
16.483265
16.657415
16.875102
17.084082
17.345306
17.650068
17.828571
18.033197
18.185578
18.407619
18.590476
18.751565
18.930068
19.104218
19.278367
19.465578
19.635374
19.800816
19.970612
20.153469
20.34068
20.506122
20.684626
20.863129
21.002449
21.202721
21.342041
21.507483
21.672925
21.834014
21.951565
22.160544
22.325986
22.513197
22.682993
23.366531
23.523265
23.68
23.875918
25.086259
25.325714
25.595646
25.813333
26.993197
27.376327
28.059864
28.325442
29.126531
29.409524
30.197551
30.502313
32.796735
33.084082
33.898231
34.181224
34.464218
34.721088
37.921088
38.256327
39.105306
39.388299
40.546395
40.872925
41.238639
41.617415
43.115102
44.651973
46.145306
47.804082
49.597823
52.249252
