0.178503
0.574694
0.930249
1.261134
1.605079
1.985306
2.345215
2.702222
3.030204
3.369796
3.718095
4.006893
4.342132
4.639637
4.979229
5.260771
5.575692
5.865941
6.177959
6.472562
6.749751
7.013878
7.343311
7.62195
7.88898
8.173243
8.478005
8.754649
9.019501
9.245351
9.502041
9.746032
10.012698
10.277551
10.584127
10.807256
11.034921
11.297052
11.548299
11.8322
12.027211
12.278458
12.526077
12.760091
12.919728
13.07483
13.137415
13.253515
13.55737
13.788662
14.043537
14.296599
14.530612
14.787302
15.010431
15.250794
15.453061
15.678912
15.86576
16.060771
16.26576
16.479819
16.666667
16.87619
17.063946
17.287982
17.488435
17.654422
17.835828
18.043537
18.189569
18.392744
18.550567
18.739229
18.904308
19.101134
19.279819
19.464853
19.638095
19.806803
19.972789
20.14966
20.33288
20.505215
20.669388
20.830839
20.99229
21.163719
21.342404
21.51746
21.668934
21.839456
21.995465
22.175057
22.248526
22.298413
22.352834
22.425397
22.507029
22.673016
22.849887
22.997732
23.172789
23.693424
23.876644
24.041723
24.270295
24.596825
24.837188
25.519274
25.762358
26.029932
26.272109
26.492517
26.798186
27.305215
27.580045
27.814966
28.336508
28.579592
28.88254
29.390476
29.697959
29.93288
30.484354
31.218141
31.495692
31.769615
32.020862
32.255782
32.556009
35.609977
35.905669
36.045351
36.191383
36.309297
36.474376
36.807256
37.044898
37.32517
37.610884
37.894785
38.185034
38.494331
38.831746
39.170068
39.427664
39.785941
40.159637
41.217234
41.570975
41.960091
42.326531
42.711111
43.094785
44.280272
44.67483
45.398639
45.775057
46.165986
47.397732
47.820408
48.60771
49.129252
49.629025
51.3678
52.485261
54.359184
