0.171247
0.536961
1.596372
1.930159
3.005896
3.346939
3.69161
4.014512
4.310204
4.627664
4.972336
5.262585
5.55102
5.85034
6.713832
7.002268
7.900227
8.17415
8.41542
8.707483
8.966893
9.217234
9.485714
9.719728
10.006349
10.253061
11.020408
11.265306
12.027211
12.263039
12.760091
13.253515
14.040816
14.276644
14.537868
14.750113
14.984127
15.198186
15.421315
15.63356
15.869388
16.050794
16.268481
16.462585
16.67483
16.865306
17.055782
17.248073
17.453061
17.632653
17.826757
18.008163
18.196825
18.385488
18.577778
18.750113
18.917007
19.102041
19.288889
19.448526
19.639002
19.796825
19.976417
20.137868
20.321088
20.489796
20.676644
20.847166
21.012245
21.180952
21.342404
21.509297
21.678005
21.834014
21.988209
22.156916
22.334694
22.497959
22.65941
22.813605
22.980499
23.178231
23.747846
23.93288
24.141497
24.342857
24.527891
24.780045
25.491156
25.743311
25.991837
26.251247
26.503401
26.773696
27.308844
27.546485
27.820408
28.353741
28.585941
28.859864
29.40771
29.616327
29.910204
30.494331
31.713379
32.030839
32.333787
32.605896
33.331519
33.619955
33.76
33.85034
33.998367
34.144218
34.459864
34.772245
35.599456
35.903129
36.081633
36.211156
36.362449
36.486531
36.772789
37.060136
37.34966
37.662041
37.928707
38.209524
38.514286
38.783129
39.117279
39.412245
40.469116
40.841361
41.190748
41.588027
41.99619
42.315102
43.500408
43.900952
45.055782
45.500952
46.548027
46.992109
48.224218
48.684626
50.073469
50.712381
51.293605
52.523537
